Filename,Size,Unit
Massage.Creep.6.XXX.mp4,2.13,G
