Filename,Size,Unit
Tabatha.Takes.Over.s05e01.Salon.Mogulz.HDTV.x264-WEBY.mp4,386.75,M
