Title,Type,Files,Size,IMDB,Spoken Languages,Texted Languages,Tags,Quality (+),Quality (-),Uploaded,By,User Type,Seeders,Leechers,Info Hash,Picture,Capture Date
Babes.13.03.30.Brett.Rossi.Slippery.And.Wet.XXX.1080p.MP4-KTR,599,4,840.43 MiB (881253479 Bytes),,,,"""Babes"",""Brett"",""Rossi"",""Slippery"",""And"",""Wet"",""XXX"",""1080p"",""MP4"",""KTR""",,,2013-03-30T06:12:30Z,Drarbg,[V],5,2,62A92D063FC93FD5BDAAD65BC1FC1836BFA9A061,,2013-06-09T08:19:09Z
