Filename,Size,Unit
2013-05-07 - Bubba the Love Sponge.Uncensored.CF64K.TFR.mp3,16.07,M
