Filename,Size,Unit
Karol.FakeAgent.2013.HD_iyutero.com.wmv,1.02,G
