Title,Type,Files,Size,IMDB,Spoken Languages,Texted Languages,Tags,Quality (+),Quality (-),Uploaded,By,User Type,Seeders,Leechers,Info Hash,Picture,Capture Date
Inzest Die Wm - Familie [DVDRip],501,7,700.67 MiB (734700744 Bytes),,German,,,,,2013-04-07T12:04:01Z,chkm8te,[V],2,1,9B2BEF86889991080D43E0AB0710C92A9BADDD83,,2013-06-09T23:24:07Z
