Filename,Size,Unit
39 Kara Price 2011.wmv,143.87,M
