Title,Type,Files,Size,IMDB,Spoken Languages,Texted Languages,Tags,Quality (+),Quality (-),Uploaded,By,User Type,Seeders,Leechers,Info Hash,Picture,Capture Date
[FemdomEmpire] Caprice Capone - Slave Chastity Pussy Licker (201,506,1,197.34 MiB (206927408 Bytes),,,,"""Femdom"",""Cunnilingus"",""Facesitting"",""Vibrator""",,,2013-04-18T23:07:33Z,SplashPt,[V],11,1,2B725CAD67BDB533E4D81351B399324D9B28B81E,,2013-06-10T15:37:39Z
