Filename,Size,Unit
170766 - Krista Gallery 287 hairy fun/kri030RWL_170766001.jpg,405.05,K
170766 - Krista Gallery 287 hairy fun/kri030RWL_170766002.jpg,321.16,K
170766 - Krista Gallery 287 hairy fun/kri030RWL_170766003.jpg,370.34,K
170766 - Krista Gallery 287 hairy fun/kri030RWL_170766004.jpg,362.04,K
170766 - Krista Gallery 287 hairy fun/kri030RWL_170766005.jpg,359.89,K
170766 - Krista Gallery 287 hairy fun/kri030RWL_170766006.jpg,384.26,K
170766 - Krista Gallery 287 hairy fun/kri030RWL_170766007.jpg,325.78,K
170766 - Krista Gallery 287 hairy fun/kri030RWL_170766008.jpg,227.38,K
170766 - Krista Gallery 287 hairy fun/kri030RWL_170766009.jpg,372.66,K
170766 - Krista Gallery 287 hairy fun/kri030RWL_170766010.jpg,272.92,K
170766 - Krista Gallery 287 hairy fun/kri030RWL_170766011.jpg,265.16,K
170766 - Krista Gallery 287 hairy fun/kri030RWL_170766012.jpg,387.16,K
170766 - Krista Gallery 287 hairy fun/kri030RWL_170766013.jpg,271.63,K
170766 - Krista Gallery 287 hairy fun/kri030RWL_170766014.jpg,379.54,K
170766 - Krista Gallery 287 hairy fun/kri030RWL_170766015.jpg,285.28,K
170766 - Krista Gallery 287 hairy fun/kri030RWL_170766016.jpg,359.64,K
170766 - Krista Gallery 287 hairy fun/kri030RWL_170766017.jpg,393.78,K
170766 - Krista Gallery 287 hairy fun/kri030RWL_170766018.jpg,274.77,K
170766 - Krista Gallery 287 hairy fun/kri030RWL_170766019.jpg,375.55,K
170766 - Krista Gallery 287 hairy fun/kri030RWL_170766020.jpg,269.85,K
170766 - Krista Gallery 287 hairy fun/kri030RWL_170766021.jpg,322.27,K
170766 - Krista Gallery 287 hairy fun/kri030RWL_170766022.jpg,386.47,K
170766 - Krista Gallery 287 hairy fun/kri030RWL_170766023.jpg,277.8,K
170766 - Krista Gallery 287 hairy fun/kri030RWL_170766024.jpg,280.91,K
170766 - Krista Gallery 287 hairy fun/kri030RWL_170766025.jpg,320.35,K
170766 - Krista Gallery 287 hairy fun/kri030RWL_170766026.jpg,348.6,K
170766 - Krista Gallery 287 hairy fun/kri030RWL_170766027.jpg,355.4,K
170766 - Krista Gallery 287 hairy fun/kri030RWL_170766028.jpg,259.31,K
170766 - Krista Gallery 287 hairy fun/kri030RWL_170766029.jpg,279.65,K
170766 - Krista Gallery 287 hairy fun/kri030RWL_170766030.jpg,276.88,K
170766 - Krista Gallery 287 hairy fun/kri030RWL_170766031.jpg,267.55,K
170766 - Krista Gallery 287 hairy fun/kri030RWL_170766032.jpg,306.98,K
170766 - Krista Gallery 287 hairy fun/kri030RWL_170766033.jpg,330.21,K
170766 - Krista Gallery 287 hairy fun/kri030RWL_170766034.jpg,328.63,K
170766 - Krista Gallery 287 hairy fun/kri030RWL_170766035.jpg,325.48,K
170766 - Krista Gallery 287 hairy fun/kri030RWL_170766036.jpg,314.97,K
170766 - Krista Gallery 287 hairy fun/kri030RWL_170766037.jpg,312.98,K
170766 - Krista Gallery 287 hairy fun/kri030RWL_170766038.jpg,368.33,K
170766 - Krista Gallery 287 hairy fun/kri030RWL_170766039.jpg,271.84,K
170766 - Krista Gallery 287 hairy fun/kri030RWL_170766040.jpg,265.38,K
170766 - Krista Gallery 287 hairy fun/kri030RWL_170766041.jpg,286.1,K
170766 - Krista Gallery 287 hairy fun/kri030RWL_170766042.jpg,365.55,K
170766 - Krista Gallery 287 hairy fun/kri030RWL_170766043.jpg,365.94,K
170766 - Krista Gallery 287 hairy fun/kri030RWL_170766044.jpg,224.58,K
170766 - Krista Gallery 287 hairy fun/kri030RWL_170766045.jpg,287.53,K
170766 - Krista Gallery 287 hairy fun/kri030RWL_170766046.jpg,306.26,K
170766 - Krista Gallery 287 hairy fun/kri030RWL_170766047.jpg,334.01,K
170766 - Krista Gallery 287 hairy fun/kri030RWL_170766048.jpg,270.21,K
170766 - Krista Gallery 287 hairy fun/kri030RWL_170766049.jpg,343.53,K
170766 - Krista Gallery 287 hairy fun/kri030RWL_170766050.jpg,383.94,K
170766 - Krista Gallery 287 hairy fun/kri030RWL_170766051.jpg,277.69,K
170766 - Krista Gallery 287 hairy fun/kri030RWL_170766052.jpg,396.3,K
170766 - Krista Gallery 287 hairy fun/kri030RWL_170766053.jpg,332.26,K
170766 - Krista Gallery 287 hairy fun/kri030RWL_170766054.jpg,333.83,K
170766 - Krista Gallery 287 hairy fun/kri030RWL_170766055.jpg,328.32,K
170766 - Krista Gallery 287 hairy fun/kri030RWL_170766056.jpg,328.27,K
170766 - Krista Gallery 287 hairy fun/kri030RWL_170766057.jpg,285.58,K
170766 - Krista Gallery 287 hairy fun/kri030RWL_170766058.jpg,302.08,K
170766 - Krista Gallery 287 hairy fun/kri030RWL_170766059.jpg,310.34,K
170766 - Krista Gallery 287 hairy fun/kri030RWL_170766060.jpg,299.32,K
170766 - Krista Gallery 287 hairy fun/kri030RWL_170766061.jpg,354.18,K
170766 - Krista Gallery 287 hairy fun/kri030RWL_170766062.jpg,301.44,K
170766 - Krista Gallery 287 hairy fun/kri030RWL_170766063.jpg,371.26,K
170766 - Krista Gallery 287 hairy fun/kri030RWL_170766064.jpg,321.57,K
170766 - Krista Gallery 287 hairy fun/kri030RWL_170766065.jpg,273.28,K
170766 - Krista Gallery 287 hairy fun/kri030RWL_170766066.jpg,391.58,K
170766 - Krista Gallery 287 hairy fun/kri030RWL_170766067.jpg,334.67,K
170766 - Krista Gallery 287 hairy fun/kri030RWL_170766068.jpg,293.04,K
170766 - Krista Gallery 287 hairy fun/kri030RWL_170766069.jpg,265.36,K
170766 - Krista Gallery 287 hairy fun/kri030RWL_170766070.jpg,296.88,K
170766 - Krista Gallery 287 hairy fun/kri030RWL_170766071.jpg,262.76,K
170766 - Krista Gallery 287 hairy fun/kri030RWL_170766072.jpg,416.9,K
170766 - Krista Gallery 287 hairy fun/kri030RWL_170766073.jpg,285.56,K
170766 - Krista Gallery 287 hairy fun/kri030RWL_170766074.jpg,293.54,K
170766 - Krista Gallery 287 hairy fun/kri030RWL_170766075.jpg,278.16,K
170766 - Krista Gallery 287 hairy fun/kri030RWL_170766076.jpg,268.37,K
170766 - Krista Gallery 287 hairy fun/kri030RWL_170766077.jpg,260.72,K
170766 - Krista Gallery 287 hairy fun/kri030RWL_170766078.jpg,282.93,K
170766 - Krista Gallery 287 hairy fun/kri030RWL_170766079.jpg,316.34,K
170766 - Krista Gallery 287 hairy fun/kri030RWL_170766080.jpg,397.34,K
170766 - Krista Gallery 287 hairy fun/kri030RWL_170766081.jpg,289.83,K
170766 - Krista Gallery 287 hairy fun/kri030RWL_170766082.jpg,323.61,K
170828 - Krista Gallery 138 upskirts and panties/kri030RWL_170828001.jpg,453.08,K
170828 - Krista Gallery 138 upskirts and panties/kri030RWL_170828002.jpg,353.75,K
170828 - Krista Gallery 138 upskirts and panties/kri030RWL_170828003.jpg,446.57,K
170828 - Krista Gallery 138 upskirts and panties/kri030RWL_170828004.jpg,459.99,K
170828 - Krista Gallery 138 upskirts and panties/kri030RWL_170828005.jpg,347.7,K
170828 - Krista Gallery 138 upskirts and panties/kri030RWL_170828006.jpg,459.71,K
170828 - Krista Gallery 138 upskirts and panties/kri030RWL_170828007.jpg,460.22,K
170828 - Krista Gallery 138 upskirts and panties/kri030RWL_170828008.jpg,454.4,K
170828 - Krista Gallery 138 upskirts and panties/kri030RWL_170828009.jpg,407.43,K
170828 - Krista Gallery 138 upskirts and panties/kri030RWL_170828010.jpg,368.21,K
170828 - Krista Gallery 138 upskirts and panties/kri030RWL_170828011.jpg,464.2,K
170828 - Krista Gallery 138 upskirts and panties/kri030RWL_170828012.jpg,430.78,K
170828 - Krista Gallery 138 upskirts and panties/kri030RWL_170828013.jpg,449.78,K
170828 - Krista Gallery 138 upskirts and panties/kri030RWL_170828014.jpg,379.01,K
170828 - Krista Gallery 138 upskirts and panties/kri030RWL_170828015.jpg,366.73,K
170828 - Krista Gallery 138 upskirts and panties/kri030RWL_170828016.jpg,359.32,K
170828 - Krista Gallery 138 upskirts and panties/kri030RWL_170828017.jpg,391.36,K
170828 - Krista Gallery 138 upskirts and panties/kri030RWL_170828018.jpg,365.25,K
170828 - Krista Gallery 138 upskirts and panties/kri030RWL_170828019.jpg,464.41,K
170828 - Krista Gallery 138 upskirts and panties/kri030RWL_170828020.jpg,459.72,K
170828 - Krista Gallery 138 upskirts and panties/kri030RWL_170828021.jpg,309.16,K
170828 - Krista Gallery 138 upskirts and panties/kri030RWL_170828022.jpg,418.66,K
170828 - Krista Gallery 138 upskirts and panties/kri030RWL_170828023.jpg,324.95,K
170828 - Krista Gallery 138 upskirts and panties/kri030RWL_170828024.jpg,470.99,K
170828 - Krista Gallery 138 upskirts and panties/kri030RWL_170828025.jpg,461.07,K
170828 - Krista Gallery 138 upskirts and panties/kri030RWL_170828026.jpg,356.61,K
170828 - Krista Gallery 138 upskirts and panties/kri030RWL_170828027.jpg,334.61,K
170828 - Krista Gallery 138 upskirts and panties/kri030RWL_170828028.jpg,485.53,K
170828 - Krista Gallery 138 upskirts and panties/kri030RWL_170828029.jpg,393.74,K
170828 - Krista Gallery 138 upskirts and panties/kri030RWL_170828030.jpg,274.58,K
170828 - Krista Gallery 138 upskirts and panties/kri030RWL_170828031.jpg,384.58,K
170828 - Krista Gallery 138 upskirts and panties/kri030RWL_170828032.jpg,286.54,K
170828 - Krista Gallery 138 upskirts and panties/kri030RWL_170828033.jpg,309.39,K
170828 - Krista Gallery 138 upskirts and panties/kri030RWL_170828034.jpg,309.64,K
170828 - Krista Gallery 138 upskirts and panties/kri030RWL_170828035.jpg,413.95,K
170828 - Krista Gallery 138 upskirts and panties/kri030RWL_170828036.jpg,295.93,K
170828 - Krista Gallery 138 upskirts and panties/kri030RWL_170828037.jpg,347.51,K
170828 - Krista Gallery 138 upskirts and panties/kri030RWL_170828038.jpg,468.64,K
170828 - Krista Gallery 138 upskirts and panties/kri030RWL_170828039.jpg,368.82,K
170828 - Krista Gallery 138 upskirts and panties/kri030RWL_170828040.jpg,296.2,K
170828 - Krista Gallery 138 upskirts and panties/kri030RWL_170828041.jpg,476.56,K
170828 - Krista Gallery 138 upskirts and panties/kri030RWL_170828042.jpg,361.27,K
170828 - Krista Gallery 138 upskirts and panties/kri030RWL_170828043.jpg,259.77,K
170828 - Krista Gallery 138 upskirts and panties/kri030RWL_170828044.jpg,266.73,K
170828 - Krista Gallery 138 upskirts and panties/kri030RWL_170828045.jpg,376.55,K
170828 - Krista Gallery 138 upskirts and panties/kri030RWL_170828046.jpg,313.72,K
170828 - Krista Gallery 138 upskirts and panties/kri030RWL_170828047.jpg,467.21,K
170828 - Krista Gallery 138 upskirts and panties/kri030RWL_170828048.jpg,390.54,K
170828 - Krista Gallery 138 upskirts and panties/kri030RWL_170828049.jpg,287.62,K
170828 - Krista Gallery 138 upskirts and panties/kri030RWL_170828050.jpg,470.23,K
170828 - Krista Gallery 138 upskirts and panties/kri030RWL_170828051.jpg,469.84,K
170828 - Krista Gallery 138 upskirts and panties/kri030RWL_170828052.jpg,369.96,K
170828 - Krista Gallery 138 upskirts and panties/kri030RWL_170828053.jpg,491.26,K
170828 - Krista Gallery 138 upskirts and panties/kri030RWL_170828054.jpg,393.09,K
170828 - Krista Gallery 138 upskirts and panties/kri030RWL_170828055.jpg,371.91,K
170828 - Krista Gallery 138 upskirts and panties/kri030RWL_170828056.jpg,350.09,K
170828 - Krista Gallery 138 upskirts and panties/kri030RWL_170828057.jpg,369.49,K
170828 - Krista Gallery 138 upskirts and panties/kri030RWL_170828058.jpg,471.77,K
170828 - Krista Gallery 138 upskirts and panties/kri030RWL_170828059.jpg,392.79,K
170828 - Krista Gallery 138 upskirts and panties/kri030RWL_170828060.jpg,326.44,K
170828 - Krista Gallery 138 upskirts and panties/kri030RWL_170828061.jpg,468.8,K
170828 - Krista Gallery 138 upskirts and panties/kri030RWL_170828062.jpg,322.89,K
170828 - Krista Gallery 138 upskirts and panties/kri030RWL_170828063.jpg,406.76,K
170828 - Krista Gallery 138 upskirts and panties/kri030RWL_170828064.jpg,521.41,K
170828 - Krista Gallery 138 upskirts and panties/kri030RWL_170828065.jpg,364.01,K
170828 - Krista Gallery 138 upskirts and panties/kri030RWL_170828066.jpg,363.34,K
170828 - Krista Gallery 138 upskirts and panties/kri030RWL_170828067.jpg,484.51,K
170828 - Krista Gallery 138 upskirts and panties/kri030RWL_170828068.jpg,411.23,K
170828 - Krista Gallery 138 upskirts and panties/kri030RWL_170828069.jpg,463.06,K
170828 - Krista Gallery 138 upskirts and panties/kri030RWL_170828070.jpg,384.83,K
170828 - Krista Gallery 138 upskirts and panties/kri030RWL_170828071.jpg,454.03,K
170828 - Krista Gallery 138 upskirts and panties/kri030RWL_170828072.jpg,348.13,K
170828 - Krista Gallery 138 upskirts and panties/kri030RWL_170828073.jpg,356.12,K
170828 - Krista Gallery 138 upskirts and panties/kri030RWL_170828074.jpg,454.64,K
170828 - Krista Gallery 138 upskirts and panties/kri030RWL_170828075.jpg,310.02,K
170828 - Krista Gallery 138 upskirts and panties/kri030RWL_170828076.jpg,313.01,K
170828 - Krista Gallery 138 upskirts and panties/kri030RWL_170828077.jpg,361.46,K
170828 - Krista Gallery 138 upskirts and panties/kri030RWL_170828078.jpg,365.72,K
170828 - Krista Gallery 138 upskirts and panties/kri030RWL_170828079.jpg,329.01,K
170828 - Krista Gallery 138 upskirts and panties/kri030RWL_170828080.jpg,326.5,K
171093 - Krista Gallery 41 thick women/kri030RWL_171093001.jpg,390.16,K
171093 - Krista Gallery 41 thick women/kri030RWL_171093002.jpg,379.01,K
171093 - Krista Gallery 41 thick women/kri030RWL_171093003.jpg,408.57,K
171093 - Krista Gallery 41 thick women/kri030RWL_171093004.jpg,399.33,K
171093 - Krista Gallery 41 thick women/kri030RWL_171093005.jpg,401.89,K
171093 - Krista Gallery 41 thick women/kri030RWL_171093006.jpg,400.76,K
171093 - Krista Gallery 41 thick women/kri030RWL_171093007.jpg,364.88,K
171093 - Krista Gallery 41 thick women/kri030RWL_171093008.jpg,386.59,K
171093 - Krista Gallery 41 thick women/kri030RWL_171093009.jpg,410.42,K
171093 - Krista Gallery 41 thick women/kri030RWL_171093010.jpg,390.83,K
171093 - Krista Gallery 41 thick women/kri030RWL_171093011.jpg,387.04,K
171093 - Krista Gallery 41 thick women/kri030RWL_171093012.jpg,396.34,K
171093 - Krista Gallery 41 thick women/kri030RWL_171093013.jpg,371.37,K
171093 - Krista Gallery 41 thick women/kri030RWL_171093014.jpg,402.46,K
171093 - Krista Gallery 41 thick women/kri030RWL_171093015.jpg,385.32,K
171093 - Krista Gallery 41 thick women/kri030RWL_171093016.jpg,381.02,K
171093 - Krista Gallery 41 thick women/kri030RWL_171093017.jpg,375.9,K
171093 - Krista Gallery 41 thick women/kri030RWL_171093018.jpg,538.01,K
171093 - Krista Gallery 41 thick women/kri030RWL_171093019.jpg,460.18,K
171093 - Krista Gallery 41 thick women/kri030RWL_171093020.jpg,384.15,K
171093 - Krista Gallery 41 thick women/kri030RWL_171093021.jpg,370.4,K
171093 - Krista Gallery 41 thick women/kri030RWL_171093022.jpg,398.47,K
171093 - Krista Gallery 41 thick women/kri030RWL_171093023.jpg,412.07,K
171093 - Krista Gallery 41 thick women/kri030RWL_171093024.jpg,542.55,K
171093 - Krista Gallery 41 thick women/kri030RWL_171093025.jpg,358.99,K
171093 - Krista Gallery 41 thick women/kri030RWL_171093026.jpg,362.91,K
171093 - Krista Gallery 41 thick women/kri030RWL_171093027.jpg,477.18,K
171093 - Krista Gallery 41 thick women/kri030RWL_171093028.jpg,371.81,K
171093 - Krista Gallery 41 thick women/kri030RWL_171093029.jpg,377.46,K
171093 - Krista Gallery 41 thick women/kri030RWL_171093030.jpg,390.27,K
171093 - Krista Gallery 41 thick women/kri030RWL_171093031.jpg,481.73,K
171093 - Krista Gallery 41 thick women/kri030RWL_171093032.jpg,334.39,K
171093 - Krista Gallery 41 thick women/kri030RWL_171093033.jpg,352.6,K
171093 - Krista Gallery 41 thick women/kri030RWL_171093034.jpg,330.37,K
171093 - Krista Gallery 41 thick women/kri030RWL_171093035.jpg,333.32,K
171093 - Krista Gallery 41 thick women/kri030RWL_171093036.jpg,342.51,K
171093 - Krista Gallery 41 thick women/kri030RWL_171093037.jpg,370.55,K
171093 - Krista Gallery 41 thick women/kri030RWL_171093038.jpg,338.65,K
171093 - Krista Gallery 41 thick women/kri030RWL_171093039.jpg,383.92,K
171093 - Krista Gallery 41 thick women/kri030RWL_171093040.jpg,340.52,K
171093 - Krista Gallery 41 thick women/kri030RWL_171093041.jpg,347.67,K
171093 - Krista Gallery 41 thick women/kri030RWL_171093042.jpg,334.68,K
171093 - Krista Gallery 41 thick women/kri030RWL_171093043.jpg,445.74,K
171093 - Krista Gallery 41 thick women/kri030RWL_171093044.jpg,426.59,K
171093 - Krista Gallery 41 thick women/kri030RWL_171093045.jpg,467.51,K
171093 - Krista Gallery 41 thick women/kri030RWL_171093046.jpg,339.24,K
171093 - Krista Gallery 41 thick women/kri030RWL_171093047.jpg,383.52,K
171093 - Krista Gallery 41 thick women/kri030RWL_171093048.jpg,451.58,K
171093 - Krista Gallery 41 thick women/kri030RWL_171093049.jpg,344.13,K
171093 - Krista Gallery 41 thick women/kri030RWL_171093050.jpg,402.5,K
171093 - Krista Gallery 41 thick women/kri030RWL_171093051.jpg,334.23,K
171093 - Krista Gallery 41 thick women/kri030RWL_171093052.jpg,343.14,K
171093 - Krista Gallery 41 thick women/kri030RWL_171093053.jpg,340.66,K
171093 - Krista Gallery 41 thick women/kri030RWL_171093054.jpg,372.53,K
171093 - Krista Gallery 41 thick women/kri030RWL_171093055.jpg,364.21,K
171093 - Krista Gallery 41 thick women/kri030RWL_171093056.jpg,354.96,K
171093 - Krista Gallery 41 thick women/kri030RWL_171093057.jpg,393.82,K
171093 - Krista Gallery 41 thick women/kri030RWL_171093058.jpg,433.79,K
171093 - Krista Gallery 41 thick women/kri030RWL_171093059.jpg,346.95,K
171093 - Krista Gallery 41 thick women/kri030RWL_171093060.jpg,350.74,K
171093 - Krista Gallery 41 thick women/kri030RWL_171093061.jpg,295.91,K
171093 - Krista Gallery 41 thick women/kri030RWL_171093062.jpg,359.45,K
171093 - Krista Gallery 41 thick women/kri030RWL_171093063.jpg,293.08,K
171093 - Krista Gallery 41 thick women/kri030RWL_171093064.jpg,361.38,K
171093 - Krista Gallery 41 thick women/kri030RWL_171093065.jpg,459.96,K
171093 - Krista Gallery 41 thick women/kri030RWL_171093066.jpg,287.49,K
171093 - Krista Gallery 41 thick women/kri030RWL_171093067.jpg,485.02,K
171093 - Krista Gallery 41 thick women/kri030RWL_171093068.jpg,404.05,K
171093 - Krista Gallery 41 thick women/kri030RWL_171093069.jpg,387.57,K
171093 - Krista Gallery 41 thick women/kri030RWL_171093070.jpg,421.61,K
171093 - Krista Gallery 41 thick women/kri030RWL_171093071.jpg,332.66,K
171093 - Krista Gallery 41 thick women/kri030RWL_171093072.jpg,340.99,K
171093 - Krista Gallery 41 thick women/kri030RWL_171093073.jpg,334.96,K
171093 - Krista Gallery 41 thick women/kri030RWL_171093074.jpg,390.34,K
171093 - Krista Gallery 41 thick women/kri030RWL_171093075.jpg,437.24,K
171093 - Krista Gallery 41 thick women/kri030RWL_171093076.jpg,482.2,K
171093 - Krista Gallery 41 thick women/kri030RWL_171093077.jpg,408.85,K
92547 - Krista Gallery 19 thick women/kri030RWL_092547001.jpg,254.78,K
92547 - Krista Gallery 19 thick women/kri030RWL_092547002.jpg,225.85,K
92547 - Krista Gallery 19 thick women/kri030RWL_092547003.jpg,243.46,K
92547 - Krista Gallery 19 thick women/kri030RWL_092547004.jpg,246.17,K
92547 - Krista Gallery 19 thick women/kri030RWL_092547005.jpg,236.13,K
92547 - Krista Gallery 19 thick women/kri030RWL_092547006.jpg,217.38,K
92547 - Krista Gallery 19 thick women/kri030RWL_092547007.jpg,214.09,K
92547 - Krista Gallery 19 thick women/kri030RWL_092547008.jpg,226.11,K
92547 - Krista Gallery 19 thick women/kri030RWL_092547009.jpg,218.54,K
92547 - Krista Gallery 19 thick women/kri030RWL_092547010.jpg,211.74,K
92547 - Krista Gallery 19 thick women/kri030RWL_092547011.jpg,218.72,K
92547 - Krista Gallery 19 thick women/kri030RWL_092547012.jpg,242.65,K
92547 - Krista Gallery 19 thick women/kri030RWL_092547013.jpg,188.53,K
92547 - Krista Gallery 19 thick women/kri030RWL_092547014.jpg,154.89,K
92547 - Krista Gallery 19 thick women/kri030RWL_092547015.jpg,226.13,K
92547 - Krista Gallery 19 thick women/kri030RWL_092547016.jpg,229.83,K
92547 - Krista Gallery 19 thick women/kri030RWL_092547017.jpg,224.68,K
92547 - Krista Gallery 19 thick women/kri030RWL_092547018.jpg,236.69,K
92547 - Krista Gallery 19 thick women/kri030RWL_092547019.jpg,209.95,K
92547 - Krista Gallery 19 thick women/kri030RWL_092547020.jpg,199.52,K
92547 - Krista Gallery 19 thick women/kri030RWL_092547021.jpg,153.19,K
92547 - Krista Gallery 19 thick women/kri030RWL_092547022.jpg,231.16,K
92547 - Krista Gallery 19 thick women/kri030RWL_092547023.jpg,185,K
92547 - Krista Gallery 19 thick women/kri030RWL_092547024.jpg,194.42,K
92547 - Krista Gallery 19 thick women/kri030RWL_092547025.jpg,221.4,K
92547 - Krista Gallery 19 thick women/kri030RWL_092547026.jpg,186.18,K
92547 - Krista Gallery 19 thick women/kri030RWL_092547027.jpg,166.14,K
92547 - Krista Gallery 19 thick women/kri030RWL_092547028.jpg,157.01,K
92547 - Krista Gallery 19 thick women/kri030RWL_092547029.jpg,195.53,K
92547 - Krista Gallery 19 thick women/kri030RWL_092547030.jpg,154.38,K
92547 - Krista Gallery 19 thick women/kri030RWL_092547031.jpg,189.95,K
92547 - Krista Gallery 19 thick women/kri030RWL_092547032.jpg,163.51,K
92547 - Krista Gallery 19 thick women/kri030RWL_092547033.jpg,196.59,K
92547 - Krista Gallery 19 thick women/kri030RWL_092547034.jpg,237.99,K
92547 - Krista Gallery 19 thick women/kri030RWL_092547035.jpg,180.9,K
92547 - Krista Gallery 19 thick women/kri030RWL_092547036.jpg,197.33,K
92547 - Krista Gallery 19 thick women/kri030RWL_092547037.jpg,193.28,K
92547 - Krista Gallery 19 thick women/kri030RWL_092547038.jpg,166.66,K
92547 - Krista Gallery 19 thick women/kri030RWL_092547039.jpg,191.16,K
92547 - Krista Gallery 19 thick women/kri030RWL_092547040.jpg,148.29,K
92547 - Krista Gallery 19 thick women/kri030RWL_092547041.jpg,180.87,K
92547 - Krista Gallery 19 thick women/kri030RWL_092547042.jpg,156.68,K
92547 - Krista Gallery 19 thick women/kri030RWL_092547043.jpg,155.06,K
92547 - Krista Gallery 19 thick women/kri030RWL_092547044.jpg,231.18,K
92547 - Krista Gallery 19 thick women/kri030RWL_092547045.jpg,190.05,K
92547 - Krista Gallery 19 thick women/kri030RWL_092547046.jpg,192.92,K
92547 - Krista Gallery 19 thick women/kri030RWL_092547047.jpg,186.42,K
92547 - Krista Gallery 19 thick women/kri030RWL_092547048.jpg,183.1,K
92547 - Krista Gallery 19 thick women/kri030RWL_092547049.jpg,189.81,K
92547 - Krista Gallery 19 thick women/kri030RWL_092547050.jpg,180.05,K
92547 - Krista Gallery 19 thick women/kri030RWL_092547051.jpg,239.91,K
92547 - Krista Gallery 19 thick women/kri030RWL_092547052.jpg,235.66,K
92547 - Krista Gallery 19 thick women/kri030RWL_092547053.jpg,184.23,K
92547 - Krista Gallery 19 thick women/kri030RWL_092547054.jpg,179.83,K
92547 - Krista Gallery 19 thick women/kri030RWL_092547055.jpg,213.78,K
92547 - Krista Gallery 19 thick women/kri030RWL_092547056.jpg,220.55,K
92547 - Krista Gallery 19 thick women/kri030RWL_092547057.jpg,237.23,K
92547 - Krista Gallery 19 thick women/kri030RWL_092547058.jpg,160.63,K
92547 - Krista Gallery 19 thick women/kri030RWL_092547059.jpg,231.58,K
92547 - Krista Gallery 19 thick women/kri030RWL_092547060.jpg,244.8,K
92547 - Krista Gallery 19 thick women/kri030RWL_092547061.jpg,198.45,K
92547 - Krista Gallery 19 thick women/kri030RWL_092547062.jpg,163.89,K
92547 - Krista Gallery 19 thick women/kri030RWL_092547063.jpg,181.54,K
92547 - Krista Gallery 19 thick women/kri030RWL_092547064.jpg,185.46,K
92547 - Krista Gallery 19 thick women/kri030RWL_092547065.jpg,200.92,K
92547 - Krista Gallery 19 thick women/kri030RWL_092547066.jpg,208.66,K
92547 - Krista Gallery 19 thick women/kri030RWL_092547067.jpg,182.75,K
92547 - Krista Gallery 19 thick women/kri030RWL_092547068.jpg,186.93,K
92547 - Krista Gallery 19 thick women/kri030RWL_092547069.jpg,181.39,K
92547 - Krista Gallery 19 thick women/kri030RWL_092547070.jpg,222.95,K
92547 - Krista Gallery 19 thick women/kri030RWL_092547071.jpg,206.56,K
92547 - Krista Gallery 19 thick women/kri030RWL_092547072.jpg,186.13,K
92547 - Krista Gallery 19 thick women/kri030RWL_092547073.jpg,250.8,K
92547 - Krista Gallery 19 thick women/kri030RWL_092547074.jpg,192.88,K
92547 - Krista Gallery 19 thick women/kri030RWL_092547075.jpg,215.07,K
92798 - Krista Gallery 19 thick women/kri030RWL_092798001.jpg,201.4,K
92798 - Krista Gallery 19 thick women/kri030RWL_092798002.jpg,189.4,K
92798 - Krista Gallery 19 thick women/kri030RWL_092798003.jpg,177.74,K
92798 - Krista Gallery 19 thick women/kri030RWL_092798004.jpg,171.4,K
92798 - Krista Gallery 19 thick women/kri030RWL_092798005.jpg,178.62,K
92798 - Krista Gallery 19 thick women/kri030RWL_092798006.jpg,189.19,K
92798 - Krista Gallery 19 thick women/kri030RWL_092798007.jpg,186.83,K
92798 - Krista Gallery 19 thick women/kri030RWL_092798008.jpg,179.31,K
92798 - Krista Gallery 19 thick women/kri030RWL_092798009.jpg,179.91,K
92798 - Krista Gallery 19 thick women/kri030RWL_092798010.jpg,183.9,K
92798 - Krista Gallery 19 thick women/kri030RWL_092798011.jpg,215,K
92798 - Krista Gallery 19 thick women/kri030RWL_092798012.jpg,178.22,K
92798 - Krista Gallery 19 thick women/kri030RWL_092798013.jpg,177.82,K
92798 - Krista Gallery 19 thick women/kri030RWL_092798014.jpg,178.14,K
92798 - Krista Gallery 19 thick women/kri030RWL_092798015.jpg,171.83,K
92798 - Krista Gallery 19 thick women/kri030RWL_092798016.jpg,155.21,K
92798 - Krista Gallery 19 thick women/kri030RWL_092798017.jpg,168.94,K
92798 - Krista Gallery 19 thick women/kri030RWL_092798018.jpg,175.91,K
92798 - Krista Gallery 19 thick women/kri030RWL_092798019.jpg,162.92,K
92798 - Krista Gallery 19 thick women/kri030RWL_092798020.jpg,211.4,K
92798 - Krista Gallery 19 thick women/kri030RWL_092798021.jpg,170.17,K
92798 - Krista Gallery 19 thick women/kri030RWL_092798022.jpg,168.61,K
92798 - Krista Gallery 19 thick women/kri030RWL_092798023.jpg,179.08,K
92798 - Krista Gallery 19 thick women/kri030RWL_092798024.jpg,164.83,K
92798 - Krista Gallery 19 thick women/kri030RWL_092798025.jpg,168.06,K
92798 - Krista Gallery 19 thick women/kri030RWL_092798026.jpg,182.81,K
92798 - Krista Gallery 19 thick women/kri030RWL_092798027.jpg,194.86,K
92798 - Krista Gallery 19 thick women/kri030RWL_092798028.jpg,181.92,K
92798 - Krista Gallery 19 thick women/kri030RWL_092798029.jpg,217.98,K
92798 - Krista Gallery 19 thick women/kri030RWL_092798030.jpg,174.36,K
92798 - Krista Gallery 19 thick women/kri030RWL_092798031.jpg,181.08,K
92798 - Krista Gallery 19 thick women/kri030RWL_092798032.jpg,174.2,K
92798 - Krista Gallery 19 thick women/kri030RWL_092798033.jpg,222.27,K
92798 - Krista Gallery 19 thick women/kri030RWL_092798034.jpg,267.85,K
92798 - Krista Gallery 19 thick women/kri030RWL_092798035.jpg,179.8,K
92798 - Krista Gallery 19 thick women/kri030RWL_092798036.jpg,198.57,K
92798 - Krista Gallery 19 thick women/kri030RWL_092798037.jpg,194.78,K
92798 - Krista Gallery 19 thick women/kri030RWL_092798038.jpg,171.46,K
92798 - Krista Gallery 19 thick women/kri030RWL_092798039.jpg,173.35,K
92798 - Krista Gallery 19 thick women/kri030RWL_092798040.jpg,134.21,K
92798 - Krista Gallery 19 thick women/kri030RWL_092798041.jpg,170.72,K
92798 - Krista Gallery 19 thick women/kri030RWL_092798042.jpg,142.77,K
92798 - Krista Gallery 19 thick women/kri030RWL_092798043.jpg,176.92,K
92798 - Krista Gallery 19 thick women/kri030RWL_092798044.jpg,182.15,K
92798 - Krista Gallery 19 thick women/kri030RWL_092798045.jpg,177.78,K
92798 - Krista Gallery 19 thick women/kri030RWL_092798046.jpg,175.9,K
92798 - Krista Gallery 19 thick women/kri030RWL_092798047.jpg,189.18,K
92798 - Krista Gallery 19 thick women/kri030RWL_092798048.jpg,167.58,K
92798 - Krista Gallery 19 thick women/kri030RWL_092798049.jpg,183.6,K
92798 - Krista Gallery 19 thick women/kri030RWL_092798050.jpg,180.83,K
92798 - Krista Gallery 19 thick women/kri030RWL_092798051.jpg,184.39,K
92798 - Krista Gallery 19 thick women/kri030RWL_092798052.jpg,214.72,K
92798 - Krista Gallery 19 thick women/kri030RWL_092798053.jpg,194.11,K
92798 - Krista Gallery 19 thick women/kri030RWL_092798054.jpg,180.75,K
92798 - Krista Gallery 19 thick women/kri030RWL_092798055.jpg,181.63,K
92798 - Krista Gallery 19 thick women/kri030RWL_092798056.jpg,191.7,K
92798 - Krista Gallery 19 thick women/kri030RWL_092798057.jpg,203.64,K
92798 - Krista Gallery 19 thick women/kri030RWL_092798058.jpg,213.27,K
92798 - Krista Gallery 19 thick women/kri030RWL_092798059.jpg,175.65,K
92798 - Krista Gallery 19 thick women/kri030RWL_092798060.jpg,191.76,K
92798 - Krista Gallery 19 thick women/kri030RWL_092798061.jpg,174.74,K
92798 - Krista Gallery 19 thick women/kri030RWL_092798062.jpg,193.02,K
92798 - Krista Gallery 19 thick women/kri030RWL_092798063.jpg,207.79,K
92798 - Krista Gallery 19 thick women/kri030RWL_092798064.jpg,224.21,K
92798 - Krista Gallery 19 thick women/kri030RWL_092798065.jpg,175.46,K
92798 - Krista Gallery 19 thick women/kri030RWL_092798066.jpg,176.84,K
92798 - Krista Gallery 19 thick women/kri030RWL_092798067.jpg,176.42,K
92798 - Krista Gallery 19 thick women/kri030RWL_092798068.jpg,182.93,K
92798 - Krista Gallery 19 thick women/kri030RWL_092798069.jpg,171.41,K
92798 - Krista Gallery 19 thick women/kri030RWL_092798070.jpg,184.87,K
92798 - Krista Gallery 19 thick women/kri030RWL_092798071.jpg,228.93,K
92798 - Krista Gallery 19 thick women/kri030RWL_092798072.jpg,229.38,K
92798 - Krista Gallery 19 thick women/kri030RWL_092798073.jpg,202.66,K
92798 - Krista Gallery 19 thick women/kri030RWL_092798074.jpg,193.52,K
92798 - Krista Gallery 19 thick women/kri030RWL_092798075.jpg,180.58,K
92798 - Krista Gallery 19 thick women/kri030RWL_092798076.jpg,174.88,K
92798 - Krista Gallery 19 thick women/kri030RWL_092798077.jpg,186.25,K
92798 - Krista Gallery 19 thick women/kri030RWL_092798078.jpg,183.02,K
92798 - Krista Gallery 19 thick women/kri030RWL_092798079.jpg,197.14,K
92798 - Krista Gallery 19 thick women/kri030RWL_092798080.jpg,213.14,K
93702 - Krista Gallery 20 thick women/kri030RWL_093702001.jpg,208.81,K
93702 - Krista Gallery 20 thick women/kri030RWL_093702002.jpg,203.34,K
93702 - Krista Gallery 20 thick women/kri030RWL_093702003.jpg,234.35,K
93702 - Krista Gallery 20 thick women/kri030RWL_093702004.jpg,202.71,K
93702 - Krista Gallery 20 thick women/kri030RWL_093702005.jpg,221.26,K
93702 - Krista Gallery 20 thick women/kri030RWL_093702006.jpg,205.86,K
93702 - Krista Gallery 20 thick women/kri030RWL_093702007.jpg,188.85,K
93702 - Krista Gallery 20 thick women/kri030RWL_093702008.jpg,221.47,K
93702 - Krista Gallery 20 thick women/kri030RWL_093702009.jpg,197.97,K
93702 - Krista Gallery 20 thick women/kri030RWL_093702010.jpg,202.71,K
93702 - Krista Gallery 20 thick women/kri030RWL_093702011.jpg,215.84,K
93702 - Krista Gallery 20 thick women/kri030RWL_093702012.jpg,193.43,K
93702 - Krista Gallery 20 thick women/kri030RWL_093702013.jpg,210.84,K
93702 - Krista Gallery 20 thick women/kri030RWL_093702014.jpg,211.58,K
93702 - Krista Gallery 20 thick women/kri030RWL_093702015.jpg,205.23,K
93702 - Krista Gallery 20 thick women/kri030RWL_093702016.jpg,210.96,K
93702 - Krista Gallery 20 thick women/kri030RWL_093702017.jpg,219.68,K
93702 - Krista Gallery 20 thick women/kri030RWL_093702018.jpg,202.66,K
93702 - Krista Gallery 20 thick women/kri030RWL_093702019.jpg,219.25,K
93702 - Krista Gallery 20 thick women/kri030RWL_093702020.jpg,197.18,K
93702 - Krista Gallery 20 thick women/kri030RWL_093702021.jpg,215.86,K
93702 - Krista Gallery 20 thick women/kri030RWL_093702022.jpg,194.57,K
93702 - Krista Gallery 20 thick women/kri030RWL_093702023.jpg,169.83,K
93702 - Krista Gallery 20 thick women/kri030RWL_093702024.jpg,204.34,K
93702 - Krista Gallery 20 thick women/kri030RWL_093702025.jpg,224.45,K
93702 - Krista Gallery 20 thick women/kri030RWL_093702026.jpg,198.98,K
93702 - Krista Gallery 20 thick women/kri030RWL_093702027.jpg,220.53,K
93702 - Krista Gallery 20 thick women/kri030RWL_093702028.jpg,189.1,K
93702 - Krista Gallery 20 thick women/kri030RWL_093702029.jpg,195.78,K
93702 - Krista Gallery 20 thick women/kri030RWL_093702030.jpg,216.8,K
93702 - Krista Gallery 20 thick women/kri030RWL_093702031.jpg,208.33,K
93702 - Krista Gallery 20 thick women/kri030RWL_093702032.jpg,200.22,K
93702 - Krista Gallery 20 thick women/kri030RWL_093702033.jpg,198.65,K
93702 - Krista Gallery 20 thick women/kri030RWL_093702034.jpg,197.43,K
93702 - Krista Gallery 20 thick women/kri030RWL_093702035.jpg,195.91,K
93702 - Krista Gallery 20 thick women/kri030RWL_093702036.jpg,268.46,K
93702 - Krista Gallery 20 thick women/kri030RWL_093702037.jpg,225.09,K
93702 - Krista Gallery 20 thick women/kri030RWL_093702038.jpg,208.73,K
93702 - Krista Gallery 20 thick women/kri030RWL_093702039.jpg,205.09,K
93702 - Krista Gallery 20 thick women/kri030RWL_093702040.jpg,168.53,K
93702 - Krista Gallery 20 thick women/kri030RWL_093702041.jpg,184.92,K
93702 - Krista Gallery 20 thick women/kri030RWL_093702042.jpg,167.16,K
93702 - Krista Gallery 20 thick women/kri030RWL_093702043.jpg,197.1,K
93702 - Krista Gallery 20 thick women/kri030RWL_093702044.jpg,188.89,K
93702 - Krista Gallery 20 thick women/kri030RWL_093702045.jpg,241.45,K
93702 - Krista Gallery 20 thick women/kri030RWL_093702046.jpg,244.37,K
93702 - Krista Gallery 20 thick women/kri030RWL_093702047.jpg,223.29,K
93702 - Krista Gallery 20 thick women/kri030RWL_093702048.jpg,198.04,K
93702 - Krista Gallery 20 thick women/kri030RWL_093702049.jpg,203.24,K
93702 - Krista Gallery 20 thick women/kri030RWL_093702050.jpg,214.18,K
93702 - Krista Gallery 20 thick women/kri030RWL_093702051.jpg,219.71,K
93702 - Krista Gallery 20 thick women/kri030RWL_093702052.jpg,193.97,K
93702 - Krista Gallery 20 thick women/kri030RWL_093702053.jpg,208.25,K
93702 - Krista Gallery 20 thick women/kri030RWL_093702054.jpg,208.01,K
93702 - Krista Gallery 20 thick women/kri030RWL_093702055.jpg,192.13,K
93702 - Krista Gallery 20 thick women/kri030RWL_093702056.jpg,218.07,K
93702 - Krista Gallery 20 thick women/kri030RWL_093702057.jpg,221.07,K
93702 - Krista Gallery 20 thick women/kri030RWL_093702058.jpg,195.72,K
93702 - Krista Gallery 20 thick women/kri030RWL_093702059.jpg,196.48,K
93702 - Krista Gallery 20 thick women/kri030RWL_093702060.jpg,203.8,K
93702 - Krista Gallery 20 thick women/kri030RWL_093702061.jpg,199.27,K
93702 - Krista Gallery 20 thick women/kri030RWL_093702062.jpg,259.24,K
93702 - Krista Gallery 20 thick women/kri030RWL_093702063.jpg,211.86,K
93702 - Krista Gallery 20 thick women/kri030RWL_093702064.jpg,209.69,K
93702 - Krista Gallery 20 thick women/kri030RWL_093702065.jpg,205.49,K
93702 - Krista Gallery 20 thick women/kri030RWL_093702066.jpg,204.39,K
93702 - Krista Gallery 20 thick women/kri030RWL_093702067.jpg,192,K
93702 - Krista Gallery 20 thick women/kri030RWL_093702068.jpg,202.1,K
93702 - Krista Gallery 20 thick women/kri030RWL_093702069.jpg,198.37,K
93702 - Krista Gallery 20 thick women/kri030RWL_093702070.jpg,294.66,K
93702 - Krista Gallery 20 thick women/kri030RWL_093702071.jpg,206.33,K
93702 - Krista Gallery 20 thick women/kri030RWL_093702072.jpg,289.77,K
93702 - Krista Gallery 20 thick women/kri030RWL_093702073.jpg,176.05,K
93702 - Krista Gallery 20 thick women/kri030RWL_093702074.jpg,179.8,K
94593 - Krista Gallery 87 upskirts and panties/kri030RWL_094593001.jpg,250.19,K
94593 - Krista Gallery 87 upskirts and panties/kri030RWL_094593002.jpg,232.62,K
94593 - Krista Gallery 87 upskirts and panties/kri030RWL_094593003.jpg,276.48,K
94593 - Krista Gallery 87 upskirts and panties/kri030RWL_094593004.jpg,256.18,K
94593 - Krista Gallery 87 upskirts and panties/kri030RWL_094593005.jpg,265.13,K
94593 - Krista Gallery 87 upskirts and panties/kri030RWL_094593006.jpg,214.51,K
94593 - Krista Gallery 87 upskirts and panties/kri030RWL_094593007.jpg,237.84,K
94593 - Krista Gallery 87 upskirts and panties/kri030RWL_094593008.jpg,253.44,K
94593 - Krista Gallery 87 upskirts and panties/kri030RWL_094593009.jpg,185.63,K
94593 - Krista Gallery 87 upskirts and panties/kri030RWL_094593010.jpg,177.65,K
94593 - Krista Gallery 87 upskirts and panties/kri030RWL_094593011.jpg,200.32,K
94593 - Krista Gallery 87 upskirts and panties/kri030RWL_094593012.jpg,233.85,K
94593 - Krista Gallery 87 upskirts and panties/kri030RWL_094593013.jpg,257.2,K
94593 - Krista Gallery 87 upskirts and panties/kri030RWL_094593014.jpg,172.77,K
94593 - Krista Gallery 87 upskirts and panties/kri030RWL_094593015.jpg,191.79,K
94593 - Krista Gallery 87 upskirts and panties/kri030RWL_094593016.jpg,225.35,K
94593 - Krista Gallery 87 upskirts and panties/kri030RWL_094593017.jpg,229.71,K
94593 - Krista Gallery 87 upskirts and panties/kri030RWL_094593018.jpg,186.4,K
94593 - Krista Gallery 87 upskirts and panties/kri030RWL_094593019.jpg,245.88,K
94593 - Krista Gallery 87 upskirts and panties/kri030RWL_094593020.jpg,262.38,K
94593 - Krista Gallery 87 upskirts and panties/kri030RWL_094593021.jpg,232.63,K
94593 - Krista Gallery 87 upskirts and panties/kri030RWL_094593022.jpg,253.53,K
94593 - Krista Gallery 87 upskirts and panties/kri030RWL_094593023.jpg,282.91,K
94593 - Krista Gallery 87 upskirts and panties/kri030RWL_094593024.jpg,247.99,K
94593 - Krista Gallery 87 upskirts and panties/kri030RWL_094593025.jpg,220.51,K
94593 - Krista Gallery 87 upskirts and panties/kri030RWL_094593026.jpg,213.78,K
94593 - Krista Gallery 87 upskirts and panties/kri030RWL_094593027.jpg,249.93,K
94593 - Krista Gallery 87 upskirts and panties/kri030RWL_094593028.jpg,235.36,K
94593 - Krista Gallery 87 upskirts and panties/kri030RWL_094593029.jpg,239.11,K
94593 - Krista Gallery 87 upskirts and panties/kri030RWL_094593030.jpg,243.08,K
94593 - Krista Gallery 87 upskirts and panties/kri030RWL_094593031.jpg,255.08,K
94593 - Krista Gallery 87 upskirts and panties/kri030RWL_094593032.jpg,232.49,K
94593 - Krista Gallery 87 upskirts and panties/kri030RWL_094593033.jpg,201.89,K
94593 - Krista Gallery 87 upskirts and panties/kri030RWL_094593034.jpg,215.65,K
94593 - Krista Gallery 87 upskirts and panties/kri030RWL_094593035.jpg,235.72,K
94593 - Krista Gallery 87 upskirts and panties/kri030RWL_094593036.jpg,204.81,K
94593 - Krista Gallery 87 upskirts and panties/kri030RWL_094593037.jpg,244.76,K
94593 - Krista Gallery 87 upskirts and panties/kri030RWL_094593038.jpg,228.38,K
94593 - Krista Gallery 87 upskirts and panties/kri030RWL_094593039.jpg,203.57,K
94593 - Krista Gallery 87 upskirts and panties/kri030RWL_094593040.jpg,254.86,K
94593 - Krista Gallery 87 upskirts and panties/kri030RWL_094593041.jpg,225.84,K
94593 - Krista Gallery 87 upskirts and panties/kri030RWL_094593042.jpg,218.7,K
94593 - Krista Gallery 87 upskirts and panties/kri030RWL_094593043.jpg,261,K
94593 - Krista Gallery 87 upskirts and panties/kri030RWL_094593044.jpg,219.38,K
94593 - Krista Gallery 87 upskirts and panties/kri030RWL_094593045.jpg,200.03,K
94593 - Krista Gallery 87 upskirts and panties/kri030RWL_094593046.jpg,300.14,K
94593 - Krista Gallery 87 upskirts and panties/kri030RWL_094593047.jpg,282.53,K
94593 - Krista Gallery 87 upskirts and panties/kri030RWL_094593048.jpg,235.18,K
94593 - Krista Gallery 87 upskirts and panties/kri030RWL_094593049.jpg,237.58,K
94593 - Krista Gallery 87 upskirts and panties/kri030RWL_094593050.jpg,275.61,K
94593 - Krista Gallery 87 upskirts and panties/kri030RWL_094593051.jpg,298.95,K
94593 - Krista Gallery 87 upskirts and panties/kri030RWL_094593052.jpg,266.87,K
94593 - Krista Gallery 87 upskirts and panties/kri030RWL_094593053.jpg,198.53,K
94593 - Krista Gallery 87 upskirts and panties/kri030RWL_094593054.jpg,187.36,K
94593 - Krista Gallery 87 upskirts and panties/kri030RWL_094593055.jpg,242.18,K
94593 - Krista Gallery 87 upskirts and panties/kri030RWL_094593056.jpg,238.83,K
94593 - Krista Gallery 87 upskirts and panties/kri030RWL_094593057.jpg,200.62,K
94593 - Krista Gallery 87 upskirts and panties/kri030RWL_094593058.jpg,245.64,K
94593 - Krista Gallery 87 upskirts and panties/kri030RWL_094593059.jpg,214.53,K
94593 - Krista Gallery 87 upskirts and panties/kri030RWL_094593060.jpg,237.05,K
94593 - Krista Gallery 87 upskirts and panties/kri030RWL_094593061.jpg,187.29,K
94593 - Krista Gallery 87 upskirts and panties/kri030RWL_094593062.jpg,309.82,K
94593 - Krista Gallery 87 upskirts and panties/kri030RWL_094593063.jpg,239.48,K
94593 - Krista Gallery 87 upskirts and panties/kri030RWL_094593064.jpg,217.44,K
94593 - Krista Gallery 87 upskirts and panties/kri030RWL_094593065.jpg,249.1,K
94593 - Krista Gallery 87 upskirts and panties/kri030RWL_094593066.jpg,291.63,K
94593 - Krista Gallery 87 upskirts and panties/kri030RWL_094593067.jpg,267.59,K
94593 - Krista Gallery 87 upskirts and panties/kri030RWL_094593068.jpg,269.05,K
94593 - Krista Gallery 87 upskirts and panties/kri030RWL_094593069.jpg,291.69,K
94593 - Krista Gallery 87 upskirts and panties/kri030RWL_094593070.jpg,229.26,K
94593 - Krista Gallery 87 upskirts and panties/kri030RWL_094593071.jpg,219.92,K
94593 - Krista Gallery 87 upskirts and panties/kri030RWL_094593072.jpg,256.16,K
94593 - Krista Gallery 87 upskirts and panties/kri030RWL_094593073.jpg,295.03,K
94593 - Krista Gallery 87 upskirts and panties/kri030RWL_094593074.jpg,254.84,K
94593 - Krista Gallery 87 upskirts and panties/kri030RWL_094593075.jpg,223.95,K
95026 - Krista Gallery 106 toys/kri030RWL_095026001.jpg,225.8,K
95026 - Krista Gallery 106 toys/kri030RWL_095026002.jpg,233.92,K
95026 - Krista Gallery 106 toys/kri030RWL_095026003.jpg,222.85,K
95026 - Krista Gallery 106 toys/kri030RWL_095026004.jpg,223.54,K
95026 - Krista Gallery 106 toys/kri030RWL_095026005.jpg,227.65,K
95026 - Krista Gallery 106 toys/kri030RWL_095026006.jpg,205.22,K
95026 - Krista Gallery 106 toys/kri030RWL_095026007.jpg,229.05,K
95026 - Krista Gallery 106 toys/kri030RWL_095026008.jpg,223.21,K
95026 - Krista Gallery 106 toys/kri030RWL_095026009.jpg,229.12,K
95026 - Krista Gallery 106 toys/kri030RWL_095026010.jpg,201.78,K
95026 - Krista Gallery 106 toys/kri030RWL_095026011.jpg,235.16,K
95026 - Krista Gallery 106 toys/kri030RWL_095026012.jpg,236.64,K
95026 - Krista Gallery 106 toys/kri030RWL_095026013.jpg,247.63,K
95026 - Krista Gallery 106 toys/kri030RWL_095026014.jpg,236.14,K
95026 - Krista Gallery 106 toys/kri030RWL_095026015.jpg,248.83,K
95026 - Krista Gallery 106 toys/kri030RWL_095026016.jpg,240.33,K
95026 - Krista Gallery 106 toys/kri030RWL_095026017.jpg,298.71,K
95026 - Krista Gallery 106 toys/kri030RWL_095026018.jpg,264.41,K
95026 - Krista Gallery 106 toys/kri030RWL_095026019.jpg,241.76,K
95026 - Krista Gallery 106 toys/kri030RWL_095026020.jpg,229.76,K
95026 - Krista Gallery 106 toys/kri030RWL_095026021.jpg,228.64,K
95026 - Krista Gallery 106 toys/kri030RWL_095026022.jpg,242.04,K
95026 - Krista Gallery 106 toys/kri030RWL_095026023.jpg,245.82,K
95026 - Krista Gallery 106 toys/kri030RWL_095026024.jpg,230.01,K
95026 - Krista Gallery 106 toys/kri030RWL_095026025.jpg,228.68,K
95026 - Krista Gallery 106 toys/kri030RWL_095026026.jpg,226.54,K
95026 - Krista Gallery 106 toys/kri030RWL_095026027.jpg,216.38,K
95026 - Krista Gallery 106 toys/kri030RWL_095026028.jpg,232.55,K
95026 - Krista Gallery 106 toys/kri030RWL_095026029.jpg,192.29,K
95026 - Krista Gallery 106 toys/kri030RWL_095026030.jpg,224.13,K
95026 - Krista Gallery 106 toys/kri030RWL_095026031.jpg,263.55,K
95026 - Krista Gallery 106 toys/kri030RWL_095026032.jpg,219.17,K
95026 - Krista Gallery 106 toys/kri030RWL_095026033.jpg,177.59,K
95026 - Krista Gallery 106 toys/kri030RWL_095026034.jpg,235.11,K
95026 - Krista Gallery 106 toys/kri030RWL_095026035.jpg,220.09,K
95026 - Krista Gallery 106 toys/kri030RWL_095026036.jpg,164.54,K
95026 - Krista Gallery 106 toys/kri030RWL_095026037.jpg,226.55,K
95026 - Krista Gallery 106 toys/kri030RWL_095026038.jpg,223.54,K
95026 - Krista Gallery 106 toys/kri030RWL_095026039.jpg,220.91,K
95026 - Krista Gallery 106 toys/kri030RWL_095026040.jpg,226.61,K
95026 - Krista Gallery 106 toys/kri030RWL_095026041.jpg,179.45,K
95026 - Krista Gallery 106 toys/kri030RWL_095026042.jpg,231.64,K
95026 - Krista Gallery 106 toys/kri030RWL_095026043.jpg,218.55,K
95026 - Krista Gallery 106 toys/kri030RWL_095026044.jpg,234.67,K
95026 - Krista Gallery 106 toys/kri030RWL_095026045.jpg,221.77,K
95026 - Krista Gallery 106 toys/kri030RWL_095026046.jpg,228.48,K
95026 - Krista Gallery 106 toys/kri030RWL_095026047.jpg,220.15,K
95026 - Krista Gallery 106 toys/kri030RWL_095026048.jpg,192.26,K
95026 - Krista Gallery 106 toys/kri030RWL_095026049.jpg,205.51,K
95026 - Krista Gallery 106 toys/kri030RWL_095026050.jpg,220.58,K
95026 - Krista Gallery 106 toys/kri030RWL_095026051.jpg,215.79,K
95026 - Krista Gallery 106 toys/kri030RWL_095026052.jpg,244.85,K
95026 - Krista Gallery 106 toys/kri030RWL_095026053.jpg,262.19,K
95026 - Krista Gallery 106 toys/kri030RWL_095026054.jpg,233.33,K
95026 - Krista Gallery 106 toys/kri030RWL_095026055.jpg,220.77,K
95026 - Krista Gallery 106 toys/kri030RWL_095026056.jpg,229.92,K
95026 - Krista Gallery 106 toys/kri030RWL_095026057.jpg,238.81,K
95026 - Krista Gallery 106 toys/kri030RWL_095026058.jpg,187.23,K
95026 - Krista Gallery 106 toys/kri030RWL_095026059.jpg,222.86,K
95026 - Krista Gallery 106 toys/kri030RWL_095026060.jpg,235.23,K
95026 - Krista Gallery 106 toys/kri030RWL_095026061.jpg,182.45,K
95026 - Krista Gallery 106 toys/kri030RWL_095026062.jpg,224.81,K
95026 - Krista Gallery 106 toys/kri030RWL_095026063.jpg,227.7,K
95026 - Krista Gallery 106 toys/kri030RWL_095026064.jpg,206,K
95026 - Krista Gallery 106 toys/kri030RWL_095026065.jpg,226.69,K
95026 - Krista Gallery 106 toys/kri030RWL_095026066.jpg,223.94,K
95026 - Krista Gallery 106 toys/kri030RWL_095026067.jpg,173.21,K
95026 - Krista Gallery 106 toys/kri030RWL_095026068.jpg,198.25,K
95026 - Krista Gallery 106 toys/kri030RWL_095026069.jpg,216.5,K
95026 - Krista Gallery 106 toys/kri030RWL_095026070.jpg,193.69,K
95026 - Krista Gallery 106 toys/kri030RWL_095026071.jpg,243.66,K
95026 - Krista Gallery 106 toys/kri030RWL_095026072.jpg,200.58,K
95026 - Krista Gallery 106 toys/kri030RWL_095026073.jpg,192.17,K
95026 - Krista Gallery 106 toys/kri030RWL_095026074.jpg,240.09,K
95026 - Krista Gallery 106 toys/kri030RWL_095026075.jpg,201.66,K
95026 - Krista Gallery 106 toys/kri030RWL_095026076.jpg,251.17,K
95026 - Krista Gallery 106 toys/kri030RWL_095026077.jpg,280.71,K
