User Type,Username,Date,Text
,Cerebral222,2013-03-31T04:08Z,"Yes, I know, it's not a game, I can't get this to upload in app section (Error code 2). If mods want to move it, that's up to them."
,yago007,2013-03-31T14:23Z,Awesome! Thanks =]
