Title,Type,Files,Size,IMDB,Spoken Languages,Texted Languages,Tags,Quality (+),Quality (-),Uploaded,By,User Type,Seeders,Leechers,Info Hash,Picture,Capture Date
Sexo En Publico - Susi Gala HD 720p,505,1,675.42 MiB (708229866 Bytes),,,,"""Hardcore"",""Blowjobs""",,,2013-05-20T14:21:04Z,ElitePorn,,7,2,A2C148F79C0ACEAEF8C83335F7174B8EBFEDF966,//image.bayimg.com/848babc29a3b489110daa44cc6ecd17335b0b294.jpg,2013-06-14T06:04:09Z
