Filename,Size,Unit
RARBG.com.txt,34,B
pup_heather_368p_750-chkm8te.mp4,375.95,M
