Filename,Size,Unit
Happy.Video.Privat-Nylons.HighHeels.Studentengluck.GERMAN.XXX.wmv,1.16,G
