Title,Type,Files,Size,IMDB,Spoken Languages,Texted Languages,Tags,Quality (+),Quality (-),Uploaded,By,User Type,Seeders,Leechers,Info Hash,Picture,Capture Date
Hose.Monster.5.XXX.DVDRiP.x264-PORNOLATiON,599,4,1.42 GiB (1519706935 Bytes),,,,"""Hose"",""Monster"",""XXX"",""DVDRiP"",""x264"",""PORNOLATiON""",,,2013-05-01T15:47:04Z,Drarbg,[V],9,3,07632D5DC8DFD7519958E3F04E7920AB4C972D11,,2013-06-12T05:28:47Z
