User Type,Username,Date,Text
,.GOGO,2013-05-18T08:13Z,":O This looks fantastic! Thank you very much.
I just discovered your profile on tpb and man you have some terrific uploads to your name! I hope you get decorated with colored skull soon. :)

Keep up the great work!

Cheers! "
,pamis2046,2013-05-19T03:10Z,"Thanks, GOGO!"
