Title,Type,Files,Size,IMDB,Spoken Languages,Texted Languages,Tags,Quality (+),Quality (-),Uploaded,By,User Type,Seeders,Leechers,Info Hash,Picture,Capture Date
CollegeRules - Shake That Ass [720p].mp4,505,1,992.12 MiB (1040314440 Bytes),,,,"""2011"",""Teen"",""Amateurs"",""All Sex"",""Hardcore"",""XXX"",""Adult""",,,2013-03-06T14:42:54Z,C3Porno,[V],5,3,70BF9CFA94C4FAAD973681F06E39F250674A941F,//image.bayimg.com/ceba517b1e4051534385a58bb79a222c635c453d.jpg,2013-06-07T15:22:18Z
