Filename,Size,Unit
[TSFnF] Shingeki no Kyojin - 02 [h264-720p].mp4,539.42,M
