Filename,Size,Unit
RARBG.com.txt,34,B
iak-youngsexparties-130117.mp4,532.83,M
iak-youngsexparties-130117.nfo,5.05,K
