User Type,Username,Date,Text
[V],shaan666,2013-03-05T18:09Z,"Seed N Enjoy this classic evergreen release!!!
Do leave a comment if possible bhai! :-)"
,cine60s,2013-03-06T11:59Z,good job dear keep it up keep uploading old classics.
,pinutu,2013-03-07T18:12Z,ohh my god.hats off
