Filename,Size,Unit
"Teeny - Durchgefickt in Arsch, Fotze, Mund [DP-02].mp4",1.42,G
Screenshots/DP-02.jpg,475.21,K
"Screenshots/Teeny - Durchgefickt in Arsch, Fotze, Mund [DP-02].jpg",360.64,K
