Title,Type,Files,Size,IMDB,Spoken Languages,Texted Languages,Tags,Quality (+),Quality (-),Uploaded,By,User Type,Seeders,Leechers,Info Hash,Picture,Capture Date
[EPZ]2013_Meine.verfickte.Familie.9.xxx.DVDRip.h264.german.mp4,501,1,641.2 MiB (672351645 Bytes),,,,"""amateur"",""german"",""inzest"",""ficken"",""fuck"",""blow"",""cumshot"",""teen""",,,2013-03-21T15:06:17Z,Cpetersem,,0,1,8C5A36DCBCFDE37FE87CA83C233B56F644AECDC9,//image.bayimg.com/a59c8200fb8dde2952010f217e4718ba4fc6ad09.jpg,2013-06-08T19:20:24Z
