Title,Type,Files,Size,IMDB,Spoken Languages,Texted Languages,Tags,Quality (+),Quality (-),Uploaded,By,User Type,Seeders,Leechers,Info Hash,Picture,Capture Date
Amazing Kitchen Chemistry Projects You Can Build Yourself -Mante,601,1,14.76 MiB (15480677 Bytes),,,English,,,,2013-03-04T02:41:30Z,MANTESH,[V],34,0,E0E42DC2A967B02538065D7DBAB260333EA0DED8,,2013-06-07T02:19:00Z
