Filename,Size,Unit
iak-clubseventeen-130510.nfo,5.04,K
iak-clubseventeen-130510.wmv,609.6,M
