Filename,Size,Unit
XXX Casting - Wer Wird Porn Star.mp4,1.11,G
