Filename,Size,Unit
sandy video - Nun for you.avi,165.46,M
