Filename,Size,Unit
하이킥! 짧은 다리의 역습.E006.110927.HDTV.X264.720p-HANrel.avi,421.6,M
