User Type,Username,Date,Text
,partner44,2013-02-16T00:22Z,So I am the 1st One
,llallitta,2013-02-16T00:53Z,Thanks SaM!!!
,partner44,2013-02-16T02:01Z,Thanx
,feartruth,2013-02-16T05:05Z,"Thanks. Waiting eagerly for Table No. 21, Chittagong, and of course, Talaash. Hope it won't take too long now, especially for the first two."
,ibshar,2013-02-16T08:43Z,Thanks bro!
,plasmidon,2013-02-18T17:09Z,"this is a 3rd class c grade film, salman sucks"
,AxOpLiX,2013-02-20T13:41Z, thank you - 
,JagonEye,2013-02-23T15:15Z,Thanks.Dude upload Jack Reacher in good print if u can.
,khurampk,2013-02-24T16:55Z,Songs music is too much poor.
,mk786,2013-03-09T20:03Z,"a/v 10
movie 10
thanks ddr/sam & uploader"
