Filename,Size,Unit
dgr-ocog.r37,95.37,M
dgr-ocog.r00,95.37,M
dgr-ocog.r01,95.37,M
dgr-ocog.r02,95.37,M
dgr-ocog.r03,95.37,M
dgr-ocog.r04,95.37,M
dgr-ocog.r05,95.37,M
dgr-ocog.r06,95.37,M
dgr-ocog.r07,95.37,M
dgr-ocog.r08,95.37,M
dgr-ocog.r09,95.37,M
dgr-ocog.r10,95.37,M
dgr-ocog.r11,95.37,M
dgr-ocog.r12,95.37,M
dgr-ocog.r13,95.37,M
dgr-ocog.r14,95.37,M
dgr-ocog.r15,95.37,M
dgr-ocog.r16,95.37,M
dgr-ocog.r17,95.37,M
dgr-ocog.r18,95.37,M
dgr-ocog.r19,95.37,M
dgr-ocog.r20,95.37,M
dgr-ocog.r21,95.37,M
dgr-ocog.r22,95.37,M
dgr-ocog.r23,95.37,M
dgr-ocog.r24,95.37,M
dgr-ocog.r25,95.37,M
dgr-ocog.r26,95.37,M
dgr-ocog.r27,95.37,M
dgr-ocog.r28,95.37,M
dgr-ocog.r29,95.37,M
dgr-ocog.r30,95.37,M
dgr-ocog.r31,95.37,M
dgr-ocog.r32,95.37,M
dgr-ocog.r33,95.37,M
dgr-ocog.r34,95.37,M
dgr-ocog.r35,95.37,M
dgr-ocog.r36,95.37,M
dgr-ocog.r56,95.37,M
dgr-ocog.r38,95.37,M
dgr-ocog.r39,95.37,M
dgr-ocog.r40,95.37,M
dgr-ocog.r41,95.37,M
dgr-ocog.r42,95.37,M
dgr-ocog.r43,95.37,M
dgr-ocog.r44,95.37,M
dgr-ocog.r45,95.37,M
dgr-ocog.r46,95.37,M
dgr-ocog.r47,95.37,M
dgr-ocog.r48,95.37,M
dgr-ocog.r49,95.37,M
dgr-ocog.r50,95.37,M
dgr-ocog.r51,95.37,M
dgr-ocog.r52,95.37,M
dgr-ocog.r53,95.37,M
dgr-ocog.r54,95.37,M
dgr-ocog.r55,95.37,M
dgr-ocog.r66,95.37,M
dgr-ocog.r57,95.37,M
dgr-ocog.r58,95.37,M
dgr-ocog.r59,95.37,M
dgr-ocog.r60,95.37,M
dgr-ocog.r61,95.37,M
dgr-ocog.r62,95.37,M
dgr-ocog.r63,95.37,M
dgr-ocog.r64,95.37,M
dgr-ocog.r65,95.37,M
dgr-ocog.r71,95.37,M
dgr-ocog.r67,95.37,M
dgr-ocog.r68,95.37,M
dgr-ocog.r69,95.37,M
dgr-ocog.r70,95.37,M
dgr-ocog.rar,95.37,M
dgr-ocog.r72,70.08,M
dgr-ocog.sfv,1.59,K
"Всичко за Xbox360,RGH,JTAG,LT+,...txt",324,B
dgr-ocog.nfo,106,B
