Title,Type,Files,Size,IMDB,Spoken Languages,Texted Languages,Tags,Quality (+),Quality (-),Uploaded,By,User Type,Seeders,Leechers,Info Hash,Picture,Capture Date
Lo imposible,201,2,1.54 GiB (1658071228 Bytes),,Spanish,,"""Lo imposible""",,,2013-06-14T09:34:38Z,Miguel223,,373,8,014087A9E802E94FFA2F70FD28EE215D69009D1D,,2013-06-17T09:42:58Z
