Filename,Size,Unit
Thirty Seconds to Mars - Birth [Transfomer].mp3,5.01,M
