Title,Type,Files,Size,IMDB,Spoken Languages,Texted Languages,Tags,Quality (+),Quality (-),Uploaded,By,User Type,Seeders,Leechers,Info Hash,Picture,Capture Date
Ray Veness (Huge Ass In South Beach ) (2013),506,1,741.97 MiB (778016005 Bytes),,,,"""Big Tits"",""Blowjob"",""Brunette"",""Facial"",""Handjob"",""High Heels"",""Mature"",""Stockings""",,,2013-06-10T09:13:08Z,medianb,[T],3,2,1A982BCF5E7CBBD5C76E130E310642E89E231A7B,,2013-06-17T02:59:31Z
