Filename,Size,Unit
Beatamines - Wknd [Bondage Music].mp3,6.65,M
Beatamines - Tonite [Bondage Music].mp3,6.49,M
Beatamines - Wknd (Channel X Remix) [Bondage Music].mp3,5.97,M
Beatamines - Tonight (Dachshund Remix) [Bondage Music].mp3,5.75,M
More Promo's & EP's at www.techconnet.com - Copy.mp3,0,B
Full 320kbps Version at www.techconnet.com.mp3,0,B
