Filename,Size,Unit
Alexis.Alexiss.30.Second.Titty.Fucking.Challenge.IKnowThatGirl.2013.HD_iyutero.com.mp4,1.39,G
