Filename,Size,Unit
Dennou Coil [08] Una festa d'estate e una sfida [ac3 ITA JAP] by Salvo.avi,323.72,M
Dennou Coil [08] Una festa d'estate e una sfida [ENG] by Salvo.ass,43.59,K
