Filename,Size,Unit
Kickin' It S03E05 Meet the McKrupnicks 1080p.e-m .mp4,906.75,M
