Filename,Size,Unit
uc-tnamcscd1.avi,700.82,M
uc-tnamcscd2.avi,699.94,M
