Title,Type,Files,Size,IMDB,Spoken Languages,Texted Languages,Tags,Quality (+),Quality (-),Uploaded,By,User Type,Seeders,Leechers,Info Hash,Picture,Capture Date
Prep School: Preserving Meat Without Power,601,1,85.62 KiB (87679 Bytes),,,English,"""survival"",""prepping""",,,2013-02-22T18:17:20Z,DaRule762,[T],11,0,0A38F201030280BE5B1CF1497AE0CB9FA8E885C6,//image.bayimg.com/1dcd07923c2dcbfbff08dd3a1c924b61d4e9331a.jpg,2013-06-05T20:32:23Z
