Filename,Size,Unit
Devils Of War 2013 DVDrip XviD AC3 MiLLENiUM.avi,1.03,G
Devils Of War 2013 DVDrip XviD AC3 MiLLENiUM.nfo,1.25,K
Read this before playing this Video.txt,247,B
sample.avi,24.38,M
Torrent have been downloaded from Scenetime.com.txt,247,B
