Filename,Size,Unit
[DeepThroatLove] Loni Evans (Cock Swallowing Loni).mp4,388.69,M
