Filename,Size,Unit
COMPANY_OF_HEROES DVD9.iso,5.49,G
