Filename,Size,Unit
Säkerhetsavdelningen - Del 2 av 3.avi,463.64,M
