Title,Type,Files,Size,IMDB,Spoken Languages,Texted Languages,Tags,Quality (+),Quality (-),Uploaded,By,User Type,Seeders,Leechers,Info Hash,Picture,Capture Date
Im.A.Sex.Crazzzy.Teen.XXX.DVDRip,501,2,1.17 GiB (1250963985 Bytes),,,,"""All Sex"",""Oral""",,,2013-03-23T20:21:50Z,R0thschild,[V],1,2,021B579E3630CE6795FB0513C55A9F2571E7CD53,,2013-06-08T23:36:56Z
