Filename,Size,Unit
Simone Weil_ An Anthology - Simone Weil & Sian Miles.pdf,2.45,M
Simone Weil_ An Anthology - Simone Weil & Sian Miles.jpg,60.69,K
Simone Weil_ An Anthology - Simone Weil & Sian Miles.opf,5.13,K
