Title,Type,Files,Size,IMDB,Spoken Languages,Texted Languages,Tags,Quality (+),Quality (-),Uploaded,By,User Type,Seeders,Leechers,Info Hash,Picture,Capture Date
When the Wind Blows 1986 720p WEBRip x264-PLAYNOW,207,1,648.52 MiB (680022244 Bytes),http://www.imdb.com/title/tt0090315/,English,,"""animated"",""cartoon""",,,2013-02-23T08:31:46Z,neon,[V],7,2,F911BE5B9D276ED7CA408AF4F14363E5FD7CCB7C,//image.bayimg.com/b680a9743bfddac656d1e4e671a891d738e4f130.jpg,2013-06-05T21:16:56Z
