Filename,Size,Unit
Mastering the Art of Chinese Cooking By-Eileen Yin-Fei Lo - [MUMBAI].pdf,19.93,M
