User Type,Username,Date,Text
,hubjanopo,2013-01-17T05:51Z,WEEE NEEEED SEEEEEED
,hubjanopo,2013-01-17T06:06Z,YESSSS
,ForeColor,2013-01-18T09:06Z,Thanks man.
,{me},2013-01-20T05:34Z,WEEE NEEEED WEEEEEED
,Kluggy,2013-01-25T04:56Z,Why the hell is this split into a 13 part archive?
,Bud625,2013-01-30T01:37Z,"Not that it matters to everyone but this is actually S03E11  Not trying to be a douche, just a heads up for people who index their files in a media server. Also be aware later episodes will most likely start being titled S03E12  E13 etc"
,greend20,2013-01-30T11:01Z,"This is Season 3 Episode 11. I have no idea where the few on here get the idea that this is season 4 Episode 1, that episode is called Alice Quits and has not been aired yet and it's actually Season 3 Episode 13, 14 is called Fourth and Inches. Keep up people! "
