Filename,Size,Unit
vis_clip3.mp4,302.17,M
vis_clip2.mp4,301.6,M
vis_clip1.mp4,291.42,M
