Title,Type,Files,Size,IMDB,Spoken Languages,Texted Languages,Tags,Quality (+),Quality (-),Uploaded,By,User Type,Seeders,Leechers,Info Hash,Picture,Capture Date
Electrosluts---ES-30224 Lea Lexis and Sovereign Syre WMV 720p,505,1,279.66 MiB (293249558 Bytes),,,,,,,2013-06-03T22:10:14Z,merzedes,[V],12,1,8482DC410906A81510E346B33CC5C5EC53F4E809,//image.bayimg.com/e1507a2c433896ac8b3a302cb322de8bb480c8d3.jpg,2013-06-15T16:25:29Z
