Title,Type,Files,Size,IMDB,Spoken Languages,Texted Languages,Tags,Quality (+),Quality (-),Uploaded,By,User Type,Seeders,Leechers,Info Hash,Picture,Capture Date
WoodmanCastingX - Dido Angel - Hard - DP Bukkakke Party [1080p],599,1,3.39 GiB (3642085057 Bytes),,,,"""Amateur"",""blonde"",""Blowjob"",""Couple"",""cumshot"",""czech girl"",""porn"",""anal"",""double penetration"",""facial"",""casting"",""bukkakke""",,,2013-06-05T04:42:44Z,attilad,,7,10,EAAE2D73D42384CC36F7B926527DC7BAFB938346,//image.bayimg.com/63b9411028064a053c3829fe6ed7c2b19a36af3d.jpg,2013-06-15T18:23:51Z
