Filename,Size,Unit
Lesbea.13.01.14.Sarah.And.Zuzana.Hold.Me.Tight.XXx.mp4,1.06,G
