Filename,Size,Unit
Curso de dibujo y pintura 1 - Oleo 1.avi,309.41,M
Curso de dibujo y pintura 1 - Oleo 1.pdf,27.83,M
Caja reverso.jpg,1.46,M
Caja frente.jpg,1.32,M
Disco.jpg,784.38,K
