Filename,Size,Unit
dukes.of.melrose.0102-yestv.mp4,155.63,M
dukes.of.melrose.0102-yestv.nfo,170,B
First Read This Guide.txt,382,B
www.Torrenting.com.txt,382,B
