Filename,Size,Unit
House.of.Lies.S02E03.HDTV.x264-ASAP.mp4,227.72,M
