Title,Type,Files,Size,IMDB,Spoken Languages,Texted Languages,Tags,Quality (+),Quality (-),Uploaded,By,User Type,Seeders,Leechers,Info Hash,Picture,Capture Date
Windows Activation All Versions Final Edition,301,1,48.88 MiB (51251848 Bytes),,,,"""windows"",""vista"",""activate"",""activation"",""loader""",,,2013-06-21T02:01:00Z,Death_Comes_Slow,,85,3,3D5AF481B4808484D3DF21E99524043DCF77A58B,//image.bayimg.com/a85c138377cdf3739244962315717098fb020f75.jpg,2013-06-24T09:48:12Z
