Filename,Size,Unit
bones.820.720p-dimension.nfo,561,B
Bones.S08E20.720p.HDTV.X264-DIMENSION.mkv,1.03,G
First Read This Guide.txt,779,B
Sample/bones.820.720p-dimension.sample.mkv,41.54,M
www.Torrentday.com.txt,779,B
