Filename,Size,Unit
famedfesicpls_Desisexblog.net.mp4,17.8,M
