Filename,Size,Unit
Vegas.S01E17.720p.WEB-DL.DD5.1.H.264-KiNGS.mkv,1.37,G
