User Type,Username,Date,Text
,TheRaja,2013-05-29T06:38Z,PLz provide some info like audio-video bitrate  and screenshots
,stang5litre,2013-05-29T17:22Z,"Thanks for the up.
A 7
V 6.5 (very watchable)
M 8"
