Filename,Size,Unit
De.Pernas.Pro.Ar.2.DVDRip.XviD-3LT0N.avi,699.11,M
