Title,Type,Files,Size,IMDB,Spoken Languages,Texted Languages,Tags,Quality (+),Quality (-),Uploaded,By,User Type,Seeders,Leechers,Info Hash,Picture,Capture Date
BigTitsInUniform - Titty Tipping (2013) [480p].mp4,506,1,502.6 MiB (527017012 Bytes),,,,"""Hardcore"",""XxX"",""Hot"",""Cumshot"",""Blowjob"",""Blonde"",""Busty""",,,2013-03-20T15:46:40Z,FluxXxu,[V],1,1,268D5903A7E11AF0F346F81ADE78209BDD92F32D,//image.bayimg.com/6527c00f8c221fe800b6dcfca9d9cb102faa4b16.jpg,2013-06-08T18:07:22Z
