Filename,Size,Unit
summerhill-book--italian.pdf,1.49,M
