Filename,Size,Unit
MommyGotBoobs.com  - Ariella Ferrera (Head and Breakfast  18.03.11).mpg,381.21,M
Torrent Downloaded from RARBG.com.nfo,33,B
