Title,Type,Files,Size,IMDB,Spoken Languages,Texted Languages,Tags,Quality (+),Quality (-),Uploaded,By,User Type,Seeders,Leechers,Info Hash,Picture,Capture Date
DPFanatics.13.02.03.Henessy.Like.Fine.Brandy.XXx,501,1,1.06 GiB (1137663968 Bytes),,English,,,,,2013-02-09T01:56:59Z,handsome_hulk1253,,2,3,325E42D71CAFC4D8568115C555FCBA526999DFC4,,2013-06-05T02:51:47Z
