Filename,Size,Unit
[01] Gimme More [Maxi]/01 Gimme More.mp3,9.71,M
[01] Gimme More [Maxi]/02 Gimme More [Kaskade Club Mix].mp3,14.11,M
[01] Gimme More [Maxi]/03 Gimme More [Junkie XL Extended Mix].mp3,13.52,M
[01] Gimme More [Maxi]/04 Gimme More [Seiji Dub].mp3,11.65,M
[01] Gimme More [Maxi]/05 Gimme More [StoneBridge Club Mix].mp3,16.94,M
[02] Gimme More [European]/01 Gimme More.mp3,9.73,M
[02] Gimme More [European]/02 Gimme More (Kaskade Radio Mix).mp3,7.7,M
[03] Piece of Me [UK]/01 Piece of Me.mp3,8.15,M
[03] Piece of Me [UK]/02 Piece of Me [Böz O Lö Remix].mp3,11.26,M
[04] Piece of Me [Maxi]/01 Piece of Me.mp3,8.13,M
[04] Piece of Me [Maxi]/02 Piece of Me [Böz O Lö Remix].mp3,11.24,M
[04] Piece of Me [Maxi]/03 Piece of Me [Bimbo Jones Remix].mp3,14.76,M
[04] Piece of Me [Maxi]/04 Piece of Me [Vito Benito Remix].mp3,15.63,M
[04] Piece of Me [Maxi]/05 Gimme More.mp3,9.64,M
[05] Break the Ice [UK]/01 Break The Ice.mp3,7.5,M
[05] Break the Ice [UK]/02 Everybody.mp3,5.98,M
[06] Break the Ice [Remixes - iTunes]/01 Break the Ice (Jason Nevins Extended).mp3,14.45,M
[06] Break the Ice [Remixes - iTunes]/02 Break the Ice (Jason Nevins Dub).mp3,15.93,M
[06] Break the Ice [Remixes - iTunes]/03 Break the Ice (Mike Rizzo Funk Generation Club Mix).mp3,15.3,M
[06] Break the Ice [Remixes - iTunes]/04 Break the Ice (Mike Rizzo Funk Generation Dub).mp3,16.59,M
[06] Break the Ice [Remixes - iTunes]/05 Break the Ice (Tracy Young Club).mp3,20.23,M
[06] Break the Ice [Remixes - iTunes]/06 Break the Ice (Tracy Young Dub).mp3,19.41,M
era_blackout.png,265.32,K
