Filename,Size,Unit
noracheljohnny_qt.mp4,342.48,M
