Filename,Size,Unit
failed-ps.dvdrip.xvid.avi,696.87,M
failed-ps.dvdrip.xvid.nfo,20.24,K
First Read This Guide.txt,575,B
www.Torrenting.com.txt,575,B
