Filename,Size,Unit
ARDefender 1.5.7.rar.torrent,6.54,K
