Filename,Size,Unit
Torrent downloaded from PublicHash.com.nfo,151,B
stu.13.04.13.lauren.crist.lure.me.in.wmv,622.78,M
