Filename,Size,Unit
1-18.jpg,403.06,K
16_07.jpg,402.83,K
val_midwest_country_girl_07.jpg,402.68,K
321_17.jpg,402.64,K
black_bracesteen_trina_02.jpg,402.54,K
catieminx_058.jpg,402.39,K
189_19.jpg,402.26,K
IMG_1100.jpg,402.07,K
girlfriend-love-blowjob-cumshot-34.jpg,401.94,K
P1050354.jpg,401.55,K
hotasianamateur_22.jpg,401.29,K
135_051.jpg,401.06,K
03_10.jpg,400.83,K
17_23.jpg,400.56,K
exgf-261.jpg,400.54,K
135_031.jpg,400.22,K
05.jpg,400.22,K
cute_black_amateur_girl_05.jpg,400.22,K
135_071.jpg,399.86,K
catieminx_049.jpg,399.77,K
05_09.jpg,399.53,K
06_11.jpg,399.5,K
64_10.jpg,399.39,K
10_04.jpg,399.31,K
72_03.jpg,399.07,K
66_17.jpg,398.98,K
28_10.jpg,398.91,K
girlfriend-love-blowjob-cumshot-09.jpg,398.86,K
aaliyah_love_xmas_stockings_17.jpg,398.76,K
4371664_turkish_girls_amateu.jpg,398.74,K
tony.jpg,398.53,K
naked_blonde_exgf_161.jpg,398.26,K
madisonlain-1744-17-lg.jpg,398.19,K
13_10.jpg,398.17,K
74_09.jpg,397.24,K
17_07.jpg,397.18,K
74_05.jpg,397.17,K
03_05.jpg,396.84,K
madisonlain-1744-09-lg.jpg,396.72,K
321_07.jpg,395.91,K
IMG_1097.jpg,395.83,K
13_14.jpg,395.07,K
black_pussy_exgf_03.jpg,395,K
16_12.jpg,394.86,K
wannabepornstarteen_19.jpg,394.73,K
19yr_indian_teen_nude_01.jpg,394.62,K
70_05.jpg,394.55,K
189_25.jpg,394.45,K
24_01.jpg,394.17,K
360_03.jpg,394.15,K
135_021.jpg,394.08,K
mistyanderson_mistygates_lesbian_12.jpg,394.06,K
321_05.jpg,393.8,K
66_01.jpg,393.68,K
dawnavril_exposed_7.jpg,393.57,K
brazilian_teen_070.jpg,393.4,K
01_09.jpg,393.39,K
35_02.jpg,393.28,K
69_05.jpg,393.25,K
4371649_turkish_girls_amateu.jpg,393.24,K
321_01.jpg,393.13,K
06_23.jpg,392.79,K
angieVerona-30.jpg,392.69,K
22_10.jpg,392.52,K
Gretchen-01.jpg,392.47,K
exgf-52.jpg,392.42,K
20110505brms-rawryou004.jpg,392.41,K
image_02.jpg,392.16,K
03_01.jpg,392.15,K
wannabepornstarteen_75.jpg,392.09,K
girl247_183.jpg,391.9,K
girl247_109.jpg,391.85,K
66_06.jpg,391.82,K
52_13.jpg,391.69,K
23_09.jpg,391.46,K
85_05.jpg,390.78,K
05_14.jpg,390.7,K
14_13.jpg,390.54,K
19_09.jpg,390.48,K
21_09.jpg,390.48,K
06_33.jpg,390.46,K
mandybeams_bitcoin_girl_05.jpg,390.38,K
01_04.jpg,390.23,K
chinese_teen_self_tits_pics_14.jpg,390.2,K
girlfriend-love-blowjob-cumshot-51.jpg,390.04,K
321_04.jpg,390,K
black_pussy_exgf_02.jpg,389.99,K
35_06.jpg,389.71,K
01_10.jpg,389.27,K
girl247_085.jpg,389.17,K
14_07.jpg,389.1,K
78_08.jpg,389.05,K
12.jpg,388.91,K
cute_black_amateur_girl_12.jpg,388.91,K
maialissima_126.jpg,388.76,K
black_pussy_exgf_01.jpg,388.36,K
10_05.jpg,388.36,K
28_01.jpg,388.07,K
image_04.jpg,388.06,K
06_27.jpg,388.04,K
22_06.jpg,387.9,K
189_07.jpg,387.82,K
4371697_turkish_girls_amateu.jpg,387.73,K
85_14.jpg,387.59,K
4371700_turkish_girls_amateu.jpg,387.56,K
wannabepornstarteen_25.jpg,387.54,K
01_01.jpg,387.51,K
24_13.jpg,387.5,K
73_10.jpg,387.45,K
german_girlfriend_sex_pics_30.jpg,387.33,K
152_01.jpg,386.43,K
189_23.jpg,385.68,K
ally_winters_having_sex_06.jpg,385.27,K
catieminx_027.jpg,385.21,K
image13.jpg,385.15,K
68_06.jpg,385.12,K
picture.jpg,385.05,K
07.jpg,384.87,K
60_07.jpg,384.79,K
girl247_061.jpg,384.75,K
asianexhibitionistwalkingaroundeurope03.jpg,384.55,K
52_03.jpg,384.48,K
val_nude_pics_13.jpg,384.37,K
321_14.jpg,384.33,K
52_06.jpg,384.14,K
naked_blonde_exgf_140.jpg,383.9,K
189_21.jpg,383.88,K
naked_blonde_exgf_165.jpg,383.72,K
06_20.jpg,383.42,K
14_11.jpg,383.18,K
06_41.jpg,383.15,K
joeyandmonica_fuxme_03.jpg,383.13,K
02_05.jpg,383.05,K
IMG_1096.jpg,382.96,K
321_08.jpg,382.95,K
catieminx_061.jpg,382.93,K
black_pussy_exgf_04.jpg,382.71,K
brazilian_teen_116.jpg,382.62,K
exgf-8.jpg,382.52,K
16_15.jpg,382.27,K
very_cute_naked_teen_16.jpg,382.11,K
189_17.jpg,382.06,K
321_03.jpg,381.99,K
49_21.jpg,381.9,K
