Filename,Size,Unit
Orange.County.2002.720p.WEB-DL.HDCLUB.mkv,2.5,G
Downloaded From PublicHD.SE.txt,93,B
