Filename,Size,Unit
Dangerous.Drivers.School.S02E03.480p.HDTV.x264-mSD.mkv,310.81,M
Dangerous.Drivers.School.S02E03.480p.HDTV.x264-mSD.nfo,1.12,K
First Read This Guide.txt,580,B
www.Torrentday.com.txt,580,B
