Filename,Size,Unit
Read this before playing this Video.txt,247,B
Torrent have been downloaded from Scenetime.com.txt,247,B
[DDR]Caravan.1971.DvDRip.XviD.AC3.avi,1.4,G
