Filename,Size,Unit
HillNapoleon-PmaScienceOfSuccess.pdf,9.33,M
