Filename,Size,Unit
Sample/pop.13.03.21.rahyndee.curves.for.the.pervs-sample.mp4,74.31,M
Torrent downloaded from hqpdb.com.nfo,48,B
pop.13.03.21.rahyndee.curves.for.the.pervs.mp4,3.38,G
pop.13.03.21.rahyndee.curves.for.the.pervs.nfo,6.83,K
pop.13.03.21.rahyndee.curves.for.the.pervs.sfv,4.06,K
