Filename,Size,Unit
Pitch Perfect (2012) 720p BRrip_scOrp_sujaidr.mkv,748.26,M
pitch perfect blu ray.jpg,433.65,K
sujaidr.txt,237,B
Torrent downloaded from pimp4003-torrents.me.txt,67,B
Torrent downloaded from AhaShare.com.txt,59,B
