User Type,Username,Date,Text
,Heromist,2013-06-15T09:20Z,"op, what is wrong with you? M4A? really? "
