Filename,Size,Unit
Blood On Their Hands/01 First Of Tommorow.mp3,6.73,M
Blood On Their Hands/02 Better Dead Then Red.mp3,5.91,M
Blood On Their Hands/03 No Refugees.mp3,8.34,M
Blood On Their Hands/04 Their Honor Was Loyalty.mp3,8.67,M
Blood On Their Hands/05 Blood On Their Hands.mp3,5.66,M
Blood On Their Hands/06 Europa.mp3,5.91,M
Blood On Their Hands/07 Rising Up.mp3,5.55,M
Blood On Their Hands/08 Fools Paradise.mp3,5.3,M
Blood On Their Hands/09 Flower Of Flanders.mp3,8.75,M
Blood On Their Hands/10 I Fought The Law.mp3,5.88,M
Blood On Their Hands/11 White Crusader.mp3,7.65,M
Blood On Their Hands/12 Hard Road Ahead.mp3,6.13,M
Blood On Their Hands/Razors Edge - Blood on their Hands (2).jpg,2.28,M
Blood On Their Hands/Razors Edge - Blood on their Hands (3).jpg,2.82,M
Blood On Their Hands/Razors Edge - Blood on their Hands (4).jpg,3.28,M
Blood On Their Hands/Razors Edge - Blood on their Hands (5).jpg,3.69,M
Blood On Their Hands/Razors Edge - Blood on their Hands (6).jpg,3.61,M
Blood On Their Hands/Razors Edge - Blood On Their Hands-back.jpg,2.02,M
Blood On Their Hands/Razors Edge - Blood on their Hands-disc.jpg,1.26,M
Blood On Their Hands/Razors Edge - Blood On Their Hands.jpg,1.41,M
Hate Society & Razor Edge/Strength Thru Blood/01 Intro.mp3,5.19,M
Hate Society & Razor Edge/Strength Thru Blood/02 We Believe.mp3,4.74,M
Hate Society & Razor Edge/Strength Thru Blood/03 Fiery Cross.mp3,10.04,M
Hate Society & Razor Edge/Strength Thru Blood/04 Tearing Down The Flags.mp3,5.58,M
Hate Society & Razor Edge/Strength Thru Blood/05 Keep It White.mp3,4.46,M
Hate Society & Razor Edge/Strength Thru Blood/06 I Deny.mp3,4.47,M
Hate Society & Razor Edge/Strength Thru Blood/07 Still Occupied.mp3,6.98,M
Hate Society & Razor Edge/Strength Thru Blood/08 Teenage Rebellion.mp3,7.79,M
Hate Society & Razor Edge/Strength Thru Blood/09 Who The Fuck Are You.mp3,5.3,M
Hate Society & Razor Edge/Strength Thru Blood/10 46 Years.mp3,4.69,M
Hate Society & Razor Edge/Strength Thru Blood/Strength Thru Blood-back.jpg,103.99,K
Hate Society & Razor Edge/Strength Thru Blood/Strength Thru Blood.jpg,89.26,K
Heroes And Hooligans/01 Rock Those Fucking Reds.mp3,7.86,M
Heroes And Hooligans/02 One Faith - One Crown.mp3,7.61,M
Heroes And Hooligans/03 Hail ISD.mp3,7.97,M
Heroes And Hooligans/04 Heroes And Hooligans.mp3,9.39,M
Heroes And Hooligans/05 With C18 We're Second To None.mp3,5.97,M
Heroes And Hooligans/06 Hope And Glory.mp3,8.77,M
Heroes And Hooligans/07 The Truth Sets You Free.mp3,7.48,M
Heroes And Hooligans/08 Heroes Live Forever.mp3,8.26,M
Heroes And Hooligans/09 We Will Win In The End.mp3,7.47,M
Heroes And Hooligans/10 The Best Line Of Defence.mp3,5.99,M
Heroes And Hooligans/Heroes And Hooligans-back.jpg,397.87,K
Heroes And Hooligans/Heroes And Hooligans-disc.jpg,249.33,K
Heroes And Hooligans/Heroes And Hooligans-inside (1).jpg,200.06,K
Heroes And Hooligans/Heroes And Hooligans-inside (2).jpg,351.86,K
Heroes And Hooligans/Heroes And Hooligans-inside (3).jpg,198.92,K
Heroes And Hooligans/Heroes And Hooligans.jpg,494.79,K
Heroes And Hooligans/lyrics.doc,54,K
Our Flag Is Going Forward Too/01 Lest We Forget.mp3,9.51,M
Our Flag Is Going Forward Too/02 Join Be Free.mp3,7.29,M
Our Flag Is Going Forward Too/03 Rocking The Reds.mp3,10.09,M
Our Flag Is Going Forward Too/04 We're For Real.mp3,7.1,M
Our Flag Is Going Forward Too/05 Stand True.mp3,9.7,M
Our Flag Is Going Forward Too/06 White Rider.mp3,9.52,M
Our Flag Is Going Forward Too/07 Its A White Thing.mp3,5.54,M
Our Flag Is Going Forward Too/08 Our Flag Is Going Forward.mp3,6.01,M
Our Flag Is Going Forward Too/09 Still Marching On.mp3,8.78,M
Our Flag Is Going Forward Too/10 Victory Of The Faith.mp3,5.14,M
Our Flag Is Going Forward Too/11 How Sleep The Brave.mp3,10.85,M
Our Flag Is Going Forward Too/12 Triumph Of The Will.mp3,6.36,M
Our Flag Is Going Forward Too/13 I.S.D..mp3,11.24,M
Our Flag Is Going Forward Too/14 The Final Hour.mp3,6.8,M
Our Flag Is Going Forward Too/Our Flag Is Going Forward Too-back-3rd Edition.jpg,1.92,M
Our Flag Is Going Forward Too/Our Flag Is Going Forward Too-back.jpg,1.38,M
Our Flag Is Going Forward Too/Our Flag Is Going Forward Too-disc.jpg,579.39,K
Our Flag Is Going Forward Too/Our Flag Is Going Forward Too.jpg,1.32,M
Our Flag Is Going Forward Too/Razors Edge - Our flag is going forward too - 2 Edition (1).jpg,3.34,M
Our Flag Is Going Forward Too/Razors Edge - Our flag is going forward too - 2 Edition (2).jpg,3.5,M
Our Flag Is Going Forward Too/Razors Edge - Our flag is going forward too - 2 Edition (3).jpg,1.79,M
Our Flag Is Going Forward Too/Razors Edge - Our flag is going forward too - 2 Edition (4).jpg,3.28,M
Our Flag Is Going Forward Too/Razors Edge - Our flag is going forward too - 3 Edition (1).jpg,3.69,M
Our Flag Is Going Forward Too/Razors Edge - Our flag is going forward too - 3 Edition (2).jpg,3.27,M
Our Flag Is Going Forward Too/Razors Edge - Our flag is going forward too - 3 Edition (3).jpg,2.91,M
Our Flag Is Going Forward Too/Razors Edge - Our flag is going forward too - 3 Edition (4).jpg,1.88,M
Razors Edge & Breakdown/Hands Across The Sea/01 Join Up-Join In.mp3,8.71,M
Razors Edge & Breakdown/Hands Across The Sea/02 Judgement Day.mp3,7.59,M
Razors Edge & Breakdown/Hands Across The Sea/03 Won't Take The Blame.mp3,6.69,M
Razors Edge & Breakdown/Hands Across The Sea/04 At The Eleventh Hour.mp3,9.18,M
Razors Edge & Breakdown/Hands Across The Sea/05 Fools Paradise.mp3,5.29,M
Razors Edge & Breakdown/Hands Across The Sea/06 White Crusader.mp3,8.63,M
Razors Edge & Breakdown/Hands Across The Sea/07 Boots On The Street.mp3,8.19,M
Razors Edge & Breakdown/Hands Across The Sea/08 Hate And Scorn.mp3,4.57,M
Razors Edge & Breakdown/Hands Across The Sea/09 Chaos.mp3,4.8,M
Razors Edge & Breakdown/Hands Across The Sea/10 Bastard.mp3,5.65,M
Razors Edge & Breakdown/Hands Across The Sea/11 Forbidden Music.mp3,10.06,M
Razors Edge & Breakdown/Hands Across The Sea/12 14 Words.mp3,5.48,M
Razors Edge & Breakdown/Hands Across The Sea/Hands Across The Sea.jpg,104.6,K
Stick To Your Guns/01 Forever England.mp3,6.69,M
Stick To Your Guns/02 Rock 'N' Roll Resistance.mp3,4.95,M
Stick To Your Guns/03 Blackshirts & Roses.mp3,5.45,M
Stick To Your Guns/04 Streets Of Oldham.mp3,8.15,M
Stick To Your Guns/05 Wanted Dead Or Alive.mp3,5.77,M
Stick To Your Guns/06 White Riot.mp3,3.78,M
Stick To Your Guns/07 Stick To Your Guns.mp3,6.8,M
Stick To Your Guns/08 Tearing Down The Flag.mp3,6.39,M
Stick To Your Guns/09 Freedom.mp3,5.74,M
Stick To Your Guns/10 Red Flags Are Burning.mp3,5.81,M
Stick To Your Guns/11 Strength Through Blood.mp3,8.18,M
Stick To Your Guns/Razors Edge - Stick to Your Guns -disc.JPG,761.71,K
Stick To Your Guns/Razors Edge - Stick to Your Guns -sleeve.jpg,2.45,M
Stick To Your Guns/Razors Edge - Stick to Your Guns-back.jpg,1.49,M
Stick To Your Guns/Razors Edge - Stick to Your Guns-inside (1).jpg,1.48,M
Stick To Your Guns/Razors Edge - Stick to Your Guns-inside (2).jpg,2.16,M
Stick To Your Guns/Razors Edge - Stick to Your Guns-inside (3).jpg,2.1,M
Stick To Your Guns/Razors Edge - Stick to Your Guns-inside (4).jpg,2.01,M
Stick To Your Guns/Razors Edge - Stick to Your Guns-inside (5).jpg,2.3,M
Stick To Your Guns/Razors Edge - Stick to Your Guns-inside (6).jpg,2.22,M
Stick To Your Guns/Razors Edge - Stick to Your Guns.jpg,1.36,M
The Flag Still Flies/01 Marching On.mp3,6.33,M
The Flag Still Flies/02 Read All About It.mp3,6.14,M
The Flag Still Flies/03 Jobs Not Immigrants.mp3,5.63,M
The Flag Still Flies/04 If You'r A Red.mp3,6.67,M
The Flag Still Flies/05 Into The Storm.mp3,6.42,M
The Flag Still Flies/06 The Flag Still Flies.mp3,7.72,M
The Flag Still Flies/07 Ulster Freedom Fighters.mp3,6.19,M
The Flag Still Flies/08 Rocking The Reds.mp3,6.98,M
The Flag Still Flies/09 No Room Here.mp3,8.25,M
The Flag Still Flies/10 Skinheads Don't Run.mp3,6.69,M
The Flag Still Flies/11 Crucified Skin (inst.).mp3,4.33,M
The Flag Still Flies/The Flag Still Flies-back.jpg,385.54,K
The Flag Still Flies/The Flag Still Flies-inside.jpg,1.04,M
The Flag Still Flies/The Flag Still Flies-sleeve.jpg,516.9,K
The Flag Still Flies/The Flag Still Flies.jpg,438.19,K
These Wheels Roll For Victory/01 Strength Through Blood.mp3,8.53,M
These Wheels Roll For Victory/02 Some Gave All.mp3,10.21,M
These Wheels Roll For Victory/03 Thunderbolt.mp3,7.78,M
These Wheels Roll For Victory/04 All Out Attack.mp3,9.23,M
These Wheels Roll For Victory/05 Together We Are Strong.mp3,8.94,M
These Wheels Roll For Victory/06 These Wheels Roll For Victory!.mp3,10.57,M
These Wheels Roll For Victory/07 The Whitest Power.mp3,11.03,M
These Wheels Roll For Victory/08 England My Country.mp3,6.75,M
These Wheels Roll For Victory/09 Action.mp3,8.34,M
These Wheels Roll For Victory/10 Raise The Standard.mp3,14.79,M
These Wheels Roll For Victory/Razors Edge - These wheels roll for victory (1).jpg,416.26,K
These Wheels Roll For Victory/Razors Edge - These wheels roll for victory (2).jpg,381.27,K
These Wheels Roll For Victory/Razors Edge - These wheels roll for victory (3).jpg,1.24,M
These Wheels Roll For Victory/Razors Edge - These wheels roll for victory (4).jpg,678.95,K
These Wheels Roll For Victory/Razors Edge - These wheels roll for victory (5).jpg,680.37,K
These Wheels Roll For Victory/Razors Edge - These wheels roll for victory - LP Back.jpg,4.21,M
These Wheels Roll For Victory/Razors Edge - These wheels roll for victory - LP Front.jpg,7.69,M
These Wheels Roll For Victory/Razors Edge - These wheels roll for victory - LP side a.JPG,482.47,K
These Wheels Roll For Victory/Razors Edge - These wheels roll for victory - LP side b.JPG,419.87,K
These Wheels Roll For Victory/Razors Edge - These wheels roll for victory - Re-Edition (1).jpg,343.63,K
These Wheels Roll For Victory/Razors Edge - These wheels roll for victory - Re-Edition (2).jpg,186.63,K
These Wheels Roll For Victory/Razors Edge - These wheels roll for victory - Re-Edition (3).jpg,176.54,K
These Wheels Roll For Victory/Razors Edge - These wheels roll for victory - Re-Edition.jpg,336.23,K
These Wheels Roll For Victory/Razors Edge - These wheels roll for victory -disc.jpg,103.66,K
These Wheels Roll For Victory/Razors Edge - These wheels roll for victory-back.jpg,533.21,K
These Wheels Roll For Victory/Razors Edge - These wheels roll for victory.jpg,314.41,K
Whatever It Takes/01 Terminate-White Survival.mp3,9.26,M
Whatever It Takes/02 Rule Britannia.mp3,5.3,M
Whatever It Takes/03 Rights For Whites.mp3,6.41,M
Whatever It Takes/04 Free Loyalist Prisoners.mp3,4.22,M
Whatever It Takes/05 Love & Hate.mp3,3.82,M
Whatever It Takes/06 With The Gods You Ride.mp3,8.1,M
Whatever It Takes/07 One Voice.mp3,5.23,M
Whatever It Takes/08 Road To Freedom.mp3,4.29,M
Whatever It Takes/09 Smash The Race Law.mp3,3.81,M
Whatever It Takes/10 Whatever It Takes.mp3,6.9,M
Whatever It Takes/Whatever It Takes.gif,77.99,K
