Filename,Size,Unit
Sample/ufc.on.fx.7.weigh.in.dsr.x264.sample-kyr.mp4,7.02,M
Torrent Downloaded From ExtraTorrent.com.txt,353,B
ufc.on.fx.7.weigh.in.dsr.x264-kyr.mp4,335.06,M
ufc.on.fx.7.weigh.in.dsr.x264-kyr.nfo,10.03,K
