Filename,Size,Unit
HalloweenpyschoDVDFab 8.2.2.8.exe.exe,53.34,M
