Title,Type,Files,Size,IMDB,Spoken Languages,Texted Languages,Tags,Quality (+),Quality (-),Uploaded,By,User Type,Seeders,Leechers,Info Hash,Picture,Capture Date
YelaWolf - CreekWater,101,17,92.93 MiB (97447425 Bytes),,,,"""YelaWolf"",""Creek Water"",""CreekWater"",""Yella Wolf"",""2005""",,,2013-02-22T20:50:16Z,737842,,14,1,9AB1397344F3D189395046B949F524F4AC3D91D4,//image.bayimg.com/d4d0f2e0e0f181caa17cbadf01ad70fbe7da76e4.jpg,2013-06-05T20:40:57Z
