Title,Type,Files,Size,IMDB,Spoken Languages,Texted Languages,Tags,Quality (+),Quality (-),Uploaded,By,User Type,Seeders,Leechers,Info Hash,Picture,Capture Date
Intimita Anale XXX (1990) DVDRip,501,2,970.14 MiB (1017266209 Bytes),,,,"""Feature"",""Classic"",""Anal"",""Double Penetration"",""Blowjobs"",""Facial"",""Threesomes""",,,2013-01-16T00:47:53Z,R0thschild,[V],3,2,246AC5F2ED315AABB4BA43F6C98E3C43E3630259,,2013-06-03T10:14:21Z
