Filename,Size,Unit
Hot Dog 2013 DVDRip x264 AAC-OFFLiNE.mp4,1.44,G
hot.nfo,3.43,K
sample.mp4,19.04,M
www.RARBG.com.txt,45,B
