Filename,Size,Unit
WowPorn - Make Me Cum Hard - Cindy [720p].mp4,455.57,M
