Title,Type,Files,Size,IMDB,Spoken Languages,Texted Languages,Tags,Quality (+),Quality (-),Uploaded,By,User Type,Seeders,Leechers,Info Hash,Picture,Capture Date
Only Teen Blow Jobs - Roxanne Rae HD 1080p,505,1,915.34 MiB (959807289 Bytes),,,,"""Roxanne Rae""",,,2013-03-06T03:12:52Z,FreeDLD,,1,1,D186B91BCC554B5A74AE66457CE276C922B1A6CD,//image.bayimg.com/7b94161274fc82e0ba2ea32a536c67c7ca6c9fbc.jpg,2013-06-07T14:57:17Z
