Filename,Size,Unit
ylp.13.04.15.cindy.sex.is.her.mission.mp4,682.11,M
