Filename,Size,Unit
RARBG.com.txt,34,B
Sample/fhd.13.04.04.holly.michaels.the.masseuse-sample.wmv,64.26,M
fhd.13.04.04.holly.michaels.the.masseuse.nfo,6.82,K
fhd.13.04.04.holly.michaels.the.masseuse.wmv,1.94,G
