Filename,Size,Unit
Stacked Street Sluts #3.avi,736.47,M
