Filename,Size,Unit
coverPic.jpg,54.15,K
Marti-and-Rosy_hq.mp4,1.1,G
pirates-vault.com.avi,30.12,M
SCREENSHOTS_Marti-and-Rosy_hq.mp4.jpg,1.59,M
SLICKSLICED_Marti-and-Rosy_hq.mp4.jpg,356.45,K
