Filename,Size,Unit
Please.Cum.On.My.Face.4.XXX.mp4,1.09,G
