Title,Type,Files,Size,IMDB,Spoken Languages,Texted Languages,Tags,Quality (+),Quality (-),Uploaded,By,User Type,Seeders,Leechers,Info Hash,Picture,Capture Date
The.Company.You.Keep.2012.480p.BRRip.XviD.AC3-PTpOWeR,201,2,1.75 GiB (1879513125 Bytes),,English,,,,,2013-04-20T11:49:35Z,hdporn,,9,5,C175177B784290255CF0DDFF0A76985351621F01,,2013-06-10T17:22:43Z
