Filename,Size,Unit
Luna_4r35_.wmv,522.12,M
