Title,Type,Files,Size,IMDB,Spoken Languages,Texted Languages,Tags,Quality (+),Quality (-),Uploaded,By,User Type,Seeders,Leechers,Info Hash,Picture,Capture Date
FuckingMachines----FM-31637 Riley Evans WMV,505,1,419.31 MiB (439679564 Bytes),,,,,,,2013-06-05T21:53:16Z,merzedes,[V],15,4,AF094FF8281B4ED0738FEEA23EE91E262C41473D,//image.bayimg.com/bb3bc1e2b250fd72b00a0cd56344425ecfdd5ea5.jpg,2013-06-15T19:44:09Z
