Title,Type,Files,Size,IMDB,Spoken Languages,Texted Languages,Tags,Quality (+),Quality (-),Uploaded,By,User Type,Seeders,Leechers,Info Hash,Picture,Capture Date
Iron Maiden - Raising Hell - 2000 (DVD9),203,14,5.05 GiB (5420087296 Bytes),,,,"""Iron Maiden"",""Raising Hell""",,,2013-03-23T10:43:07Z,oleg-1937,,4,5,6D970B6A6FB2F4BFE55EB3A5E5B9B72F36979E6C,//image.bayimg.com/337af490adb31aab4a39f81f5bfd411cf2313bd6.jpg,2013-06-08T21:54:05Z
