Filename,Size,Unit
RARBG.com.txt,34,B
Sample/us.13.04.19.penny.barber.and.yasmine.loven-sample.mp4,24.75,M
us.13.04.19.penny.barber.and.yasmine.loven.mp4,1.51,G
us.13.04.19.penny.barber.and.yasmine.loven.nfo,6.84,K
