Filename,Size,Unit
AssHoleFever - v056.mpg,235.48,M
