Filename,Size,Unit
ham_cameron_celeste_272p_650_mobile.mp4,157.61,M
