Title,Type,Files,Size,IMDB,Spoken Languages,Texted Languages,Tags,Quality (+),Quality (-),Uploaded,By,User Type,Seeders,Leechers,Info Hash,Picture,Capture Date
Paige.Turnah.Is.She.Twisted.XxX,501,1,535.61 MiB (561632865 Bytes),,English,,,,,2013-05-30T17:05:03Z,handsome_hulk1253,,0,5,AA1EE6F6B233DCD8D54C352F3185A9CB2BD20A2C,,2013-06-15T08:07:16Z
