Filename,Size,Unit
Paige.Turnah.Is.She.Twisted.XxX.mp4,535.61,M
