Filename,Size,Unit
Suburgatory.S02E16.HDTV.subtitulado.esp.SC.avi,220.32,M
