Filename,Size,Unit
BangBros - Julie Cash (This Blonde Can Suck A Dick!) (2012) HD 720p.mp4,200.18,M
