Title,Type,Files,Size,IMDB,Spoken Languages,Texted Languages,Tags,Quality (+),Quality (-),Uploaded,By,User Type,Seeders,Leechers,Info Hash,Picture,Capture Date
Ann - Gio and Ann Anal Lesson (AnalEducator) HD,505,1,1.95 GiB (2095869697 Bytes),,,,"""All Sex"",""Hardcore"",""Oral""",,,2013-01-22T12:44:31Z,R0thschild,[V],1,0,FA400B2F49CFD25DEA143270CDD3D39BA39C7A5D,,2013-06-04T07:14:26Z
