Filename,Size,Unit
Native Instruments - Guitar Rig + Traktor´s 12 & Reflektor - 2013.AU.MAC.OSX - Packet - dada.zip,756.93,M
