Title,Type,Files,Size,IMDB,Spoken Languages,Texted Languages,Tags,Quality (+),Quality (-),Uploaded,By,User Type,Seeders,Leechers,Info Hash,Picture,Capture Date
Happy.Ending.Handjobs.5.XXX,501,1,1.79 GiB (1918361040 Bytes),,English,,,,,2013-02-05T16:06:33Z,digital_ripper,[T],5,1,A415189D5CBB97024AB53BBAC292FCD3BE046EA8,,2013-06-04T22:53:29Z
