Title,Type,Files,Size,IMDB,Spoken Languages,Texted Languages,Tags,Quality (+),Quality (-),Uploaded,By,User Type,Seeders,Leechers,Info Hash,Picture,Capture Date
[PSP] Pursuit Force Extreme Justice - Full ISO -,406,1,1.35 GiB (1453457408 Bytes),,,,"""psp"",""playstation portable"",""memorypsp"",""games"",""action"",""pursuit force"",""shooting"",""shooter""",,,2013-05-02T22:50:38Z,MemoryPSP,[T],7,4,E806C97C5F843C8BE4D3F96714D3FB6834CCCAE1,//image.bayimg.com/fdf3c912e2a9e15cc97c34ca4ce0125e19c3c29b.jpg,2013-06-12T06:51:40Z
