Filename,Size,Unit
El Abuelo Esta Loco (1967)(dual-span-ingl)[www.lokotorrents.com].avi,855.69,M
