Filename,Size,Unit
CSI Etab Safe Sap.rar,1.32,G
