Filename,Size,Unit
Darcy.Tyler.Darcy.Tyler.GirlsAndStuds.2012.HD_iyutero.com.mp4,954.23,M
