Title,Type,Files,Size,IMDB,Spoken Languages,Texted Languages,Tags,Quality (+),Quality (-),Uploaded,By,User Type,Seeders,Leechers,Info Hash,Picture,Capture Date
Out.There.2013.S01E11.720p.HDTV.x264-EVOLVE [PublicHD],208,2,478.01 MiB (501234105 Bytes),,,,,,,2013-04-20T04:34:55Z,DibyaTPB,[V],2,1,6CA0917ABEBD6870069DCE94C6619A716DE67961,,2013-06-10T17:05:47Z
