Filename,Size,Unit
OK_Baytong.2003-DVDRip.x264.AAC-SeeingMole.mp4,756.62,M
