Filename,Size,Unit
Boyz.n.The.Hood.1991.720p.BRrip - ChivveZ.mp4,799.55,M
