Title,Type,Files,Size,IMDB,Spoken Languages,Texted Languages,Tags,Quality (+),Quality (-),Uploaded,By,User Type,Seeders,Leechers,Info Hash,Picture,Capture Date
WWE.Friday.Night.Smackdown.2013.05.10.HDTV.XviD-Ebi,208,4,827.82 MiB (868031384 Bytes),,,,,,,2013-05-10T16:11:42Z,TvTeam,[V],1,0,267C0E2DF0741ADDE94094435F2C9E73F0A51413,,2013-06-13T02:58:49Z
