Filename,Size,Unit
Downloaded From PublicHD.SE.txt,92,B
chelsea.lately.2013.05.20.natalie.maines.720p.hdtv.x264-2hd.mkv,540.29,M
