User Type,Username,Date,Text
,Nelix192,2013-03-18T04:25Z,Thanx!
