Filename,Size,Unit
DVD1/rld-ds3a.r43,95.37,M
DVD1/rld-ds3a.r01,95.37,M
DVD1/rld-ds3a.r02,95.37,M
DVD1/rld-ds3a.r03,95.37,M
DVD1/rld-ds3a.r04,95.37,M
DVD1/rld-ds3a.r05,95.37,M
DVD1/rld-ds3a.r06,95.37,M
DVD1/rld-ds3a.r07,95.37,M
DVD1/rld-ds3a.r08,95.37,M
DVD1/rld-ds3a.r09,95.37,M
DVD1/rld-ds3a.r10,95.37,M
DVD1/rld-ds3a.r11,95.37,M
DVD1/rld-ds3a.r12,95.37,M
DVD1/rld-ds3a.r13,95.37,M
DVD1/rld-ds3a.r14,95.37,M
DVD1/rld-ds3a.r15,95.37,M
DVD1/rld-ds3a.r16,95.37,M
DVD1/rld-ds3a.r17,95.37,M
DVD1/rld-ds3a.r18,95.37,M
DVD1/rld-ds3a.r19,95.37,M
DVD1/rld-ds3a.r20,95.37,M
DVD1/rld-ds3a.r21,95.37,M
DVD1/rld-ds3a.r22,95.37,M
DVD1/rld-ds3a.r23,95.37,M
DVD1/rld-ds3a.r24,95.37,M
DVD1/rld-ds3a.r25,95.37,M
DVD1/rld-ds3a.r26,95.37,M
DVD1/rld-ds3a.r27,95.37,M
DVD1/rld-ds3a.r28,95.37,M
DVD1/rld-ds3a.r29,95.37,M
DVD1/rld-ds3a.r30,95.37,M
DVD1/rld-ds3a.r31,95.37,M
DVD1/rld-ds3a.r32,95.37,M
DVD1/rld-ds3a.r33,95.37,M
DVD1/rld-ds3a.r34,95.37,M
DVD1/rld-ds3a.r35,95.37,M
DVD1/rld-ds3a.r36,95.37,M
DVD1/rld-ds3a.r37,95.37,M
DVD1/rld-ds3a.r38,95.37,M
DVD1/rld-ds3a.r39,95.37,M
DVD1/rld-ds3a.r40,95.37,M
DVD1/rld-ds3a.r41,95.37,M
DVD1/rld-ds3a.r42,95.37,M
DVD1/rld-ds3a.r00,95.37,M
DVD1/rld-ds3a.r44,95.37,M
DVD1/rld-ds3a.r45,95.37,M
DVD1/rld-ds3a.r46,95.37,M
DVD1/rld-ds3a.r47,95.37,M
DVD1/rld-ds3a.r48,95.37,M
DVD1/rld-ds3a.r49,95.37,M
DVD1/rld-ds3a.r50,95.37,M
DVD1/rld-ds3a.r51,95.37,M
DVD1/rld-ds3a.r52,95.37,M
DVD1/rld-ds3a.r53,95.37,M
DVD1/rld-ds3a.r54,95.37,M
DVD1/rld-ds3a.r55,95.37,M
DVD1/rld-ds3a.r56,95.37,M
DVD1/rld-ds3a.r57,95.37,M
DVD1/rld-ds3a.r58,95.37,M
DVD1/rld-ds3a.r59,95.37,M
DVD1/rld-ds3a.r60,95.37,M
DVD1/rld-ds3a.r61,95.37,M
DVD1/rld-ds3a.r62,95.37,M
DVD1/rld-ds3a.r63,95.37,M
DVD1/rld-ds3a.r64,95.37,M
DVD1/rld-ds3a.r65,95.37,M
DVD1/rld-ds3a.r66,95.37,M
DVD1/rld-ds3a.r67,95.37,M
DVD1/rld-ds3a.r68,95.37,M
DVD1/rld-ds3a.r69,95.37,M
DVD1/rld-ds3a.r70,95.37,M
DVD1/rld-ds3a.r71,95.37,M
DVD1/rld-ds3a.r72,95.37,M
DVD1/rld-ds3a.r73,95.37,M
DVD1/rld-ds3a.r74,95.37,M
DVD1/rld-ds3a.r75,95.37,M
DVD1/rld-ds3a.r76,95.37,M
DVD1/rld-ds3a.r77,95.37,M
DVD1/rld-ds3a.r78,95.37,M
DVD1/rld-ds3a.r79,95.37,M
DVD1/rld-ds3a.r80,95.37,M
DVD1/rld-ds3a.r81,95.37,M
DVD1/rld-ds3a.r82,95.37,M
DVD1/rld-ds3a.r83,95.37,M
DVD1/rld-ds3a.rar,95.37,M
DVD1/rld-ds3a.r84,11.44,M
DVD1/rld-ds3a.sfv,1.93,K
DVD2/rld-ds3b.r32,47.68,M
DVD2/rld-ds3b.r01,47.68,M
DVD2/rld-ds3b.r02,47.68,M
DVD2/rld-ds3b.r03,47.68,M
DVD2/rld-ds3b.r04,47.68,M
DVD2/rld-ds3b.r05,47.68,M
DVD2/rld-ds3b.r06,47.68,M
DVD2/rld-ds3b.r07,47.68,M
DVD2/rld-ds3b.r08,47.68,M
DVD2/rld-ds3b.r09,47.68,M
DVD2/rld-ds3b.r10,47.68,M
DVD2/rld-ds3b.r11,47.68,M
DVD2/rld-ds3b.r12,47.68,M
DVD2/rld-ds3b.r13,47.68,M
DVD2/rld-ds3b.r14,47.68,M
DVD2/rld-ds3b.r15,47.68,M
DVD2/rld-ds3b.r16,47.68,M
DVD2/rld-ds3b.r17,47.68,M
DVD2/rld-ds3b.r18,47.68,M
DVD2/rld-ds3b.r19,47.68,M
DVD2/rld-ds3b.r20,47.68,M
DVD2/rld-ds3b.r21,47.68,M
DVD2/rld-ds3b.r22,47.68,M
DVD2/rld-ds3b.r23,47.68,M
DVD2/rld-ds3b.r24,47.68,M
DVD2/rld-ds3b.r25,47.68,M
DVD2/rld-ds3b.r26,47.68,M
DVD2/rld-ds3b.r27,47.68,M
DVD2/rld-ds3b.r28,47.68,M
DVD2/rld-ds3b.r29,47.68,M
DVD2/rld-ds3b.r30,47.68,M
DVD2/rld-ds3b.r31,47.68,M
DVD2/rld-ds3b.r00,47.68,M
DVD2/rld-ds3b.r33,47.68,M
DVD2/rld-ds3b.r34,47.68,M
DVD2/rld-ds3b.r35,47.68,M
DVD2/rld-ds3b.r36,47.68,M
DVD2/rld-ds3b.r37,47.68,M
DVD2/rld-ds3b.r38,47.68,M
DVD2/rld-ds3b.r39,47.68,M
DVD2/rld-ds3b.r40,47.68,M
DVD2/rld-ds3b.r41,47.68,M
DVD2/rld-ds3b.r42,47.68,M
DVD2/rld-ds3b.r43,47.68,M
DVD2/rld-ds3b.r44,47.68,M
DVD2/rld-ds3b.r45,47.68,M
DVD2/rld-ds3b.r46,47.68,M
DVD2/rld-ds3b.r47,47.68,M
DVD2/rld-ds3b.r48,47.68,M
DVD2/rld-ds3b.r49,47.68,M
DVD2/rld-ds3b.r50,47.68,M
DVD2/rld-ds3b.r51,47.68,M
DVD2/rld-ds3b.r52,47.68,M
DVD2/rld-ds3b.r53,47.68,M
DVD2/rld-ds3b.r54,47.68,M
DVD2/rld-ds3b.r55,47.68,M
DVD2/rld-ds3b.r56,47.68,M
DVD2/rld-ds3b.r57,47.68,M
DVD2/rld-ds3b.r58,47.68,M
DVD2/rld-ds3b.r59,47.68,M
DVD2/rld-ds3b.r60,47.68,M
DVD2/rld-ds3b.r61,47.68,M
DVD2/rld-ds3b.rar,47.68,M
DVD2/rld-ds3b.r62,42.9,M
DVD2/rld-ds3b.sfv,1.44,K
reloaded.nfo,4.12,K
SKIDROWCRACK.url,206,B
SKIDROWGAMES.url,206,B
Official SKIDROW.txt,135,B
