Filename,Size,Unit
v72179-299.mp4,554.49,M
