Filename,Size,Unit
하이킥! 짧은 다리의 역습.E055.111213.HDTV.X264.720p-HANrel.avi,439.37,M
