Filename,Size,Unit
Conan.2013.05.14.Jennifer.Love.Hewitt.x264.mkv,172.4,M
