Filename,Size,Unit
The.Walking.Dead.S03E15.HDTV.XviD-AFG.avi,346.73,M
