Title,Type,Files,Size,IMDB,Spoken Languages,Texted Languages,Tags,Quality (+),Quality (-),Uploaded,By,User Type,Seeders,Leechers,Info Hash,Picture,Capture Date
[18XGirls] Viki (Tight Pussy Licked For A Ride / 04.30.2013),501,2,297.57 MiB (312020632 Bytes),,,,,,,2013-05-01T04:41:04Z,chkm8te,[V],7,1,D54635C3E6335633D78ADE58ED0A03B234064199,,2013-06-11T20:49:41Z
