User Type,Username,Date,Text
,Ichigo_Kurosaki,2013-02-05T19:43Z,"9.5GB and not a single screenshot.

No thanks."
,hl_2,2013-02-06T08:11Z,http://www.evilangel.com/en/Remy+LaCroix%27s+Anal+Cabo+Weekend/dvd/16129
