Filename,Size,Unit
Silver Linings Playbook 2012 DVDRip English [Accipiter].mkv,555.36,M
Torrent Downloaded From Digtorrent.org.txt,346,B
Torrent downloaded from souravfile torrents on BTScene.eu.txt,69,B
