Filename,Size,Unit
Mayday _ Air Crash Investigation S02E01 - Blow Out (British Airways Flight 5390).avi,524.7,M
