Filename,Size,Unit
"US - Mar 29, 2013 - Yasmine Loven and Elizabeth Thorn (29348).wmv",584.71,M
