Filename,Size,Unit
tlib_dillion_harper02_480p_1000.mp4,270.67,M
