Title,Type,Files,Size,IMDB,Spoken Languages,Texted Languages,Tags,Quality (+),Quality (-),Uploaded,By,User Type,Seeders,Leechers,Info Hash,Picture,Capture Date
CumExtreme.13.03.13.Jenny.One.Anal.Punishment.XXX.720p.x264-SEXO,599,4,1.89 GiB (2034555447 Bytes),,,,"""CumExtreme"",""Jenny"",""One"",""Anal"",""Punishment"",""XXX"",""720p"",""x264"",""SEXORS""",,,2013-03-13T11:43:21Z,Drarbg,[V],3,2,6543704BC0477A70FA13F6E2FACABF26F3E5C498,,2013-06-08T04:33:16Z
