Title,Type,Files,Size,IMDB,Spoken Languages,Texted Languages,Tags,Quality (+),Quality (-),Uploaded,By,User Type,Seeders,Leechers,Info Hash,Picture,Capture Date
JaydenJaymes.com_13.02.21.Jayden.Jaymes.And.Kendra.Lust.Lust.For,599,50,26.11 MiB (27383066 Bytes),,,,"""Nude Photography""",,,2013-02-25T03:00:59Z,R0thschild,[V],0,1,E2DCE85264D884CE3A355D8B59E9417755F2CF2D,,2013-06-05T23:42:53Z
