User Type,Username,Date,Text
,user4587,2013-06-12T18:42Z,Cheers :)
