Title,Type,Files,Size,IMDB,Spoken Languages,Texted Languages,Tags,Quality (+),Quality (-),Uploaded,By,User Type,Seeders,Leechers,Info Hash,Picture,Capture Date
The Mark Levin Radio Show APR-04-2013 THURS,199,4,25.79 MiB (27043953 Bytes),,,,"""MARK LEVIN"",""RADIO""",,,2013-04-05T07:08:57Z,CAPTAIN7SS,[V],0,0,186423313CF2537A5D6123EA147504148D51A007,,2013-06-09T19:59:34Z
