Filename,Size,Unit
01 - She.mp3,4.14,M
07 - Caroline.mp3,3.69,M
02 - Sirens.mp3,3.16,M
03 - Sense.mp3,3.15,M
08 - Popcorn.mp3,2.63,M
10 - Evil Things.mp3,2.07,M
09 - Kamikaze.mp3,1.97,M
12 - Never Enough.mp3,1.84,M
04 - Across The Ocean.mp3,1.71,M
11 - Don't Go.mp3,1.5,M
05 - Chaos Engine.mp3,1.45,M
13 - Shadow In The Glass.mp3,1001.63,K
14 - Black Satellite.mp3,941.13,K
15 - Flood.mp3,615.63,K
06 - Emergency.mp3,233.63,K
[cover] TenPenny Joke - Ambush On All Sides.jpg,1.92,K
License.txt,1.06,K
