Filename,Size,Unit
Her-Sweet-Hand.12.11.21.Carolina.Awkward.XXX.MP4-OHRLY.mp4,212.63,M
