Filename,Size,Unit
b.jpg,170.32,K
divxfactory-msb3.mp4,893.7,M
divxfactory-msb3.mp4.jpg,253.9,K
f.jpg,164.63,K
