Title,Type,Files,Size,IMDB,Spoken Languages,Texted Languages,Tags,Quality (+),Quality (-),Uploaded,By,User Type,Seeders,Leechers,Info Hash,Picture,Capture Date
A Haunted House 2013 CAM XViD-COOKiEBOY,201,4,990.03 MiB (1038116558 Bytes),,,,,,,2013-01-29T22:55:09Z,TvTeam,[V],12,0,CDE8091B0705CA9EC8B17CFE7F2AF97726000DBF,,2013-06-04T15:05:45Z
