Title,Type,Files,Size,IMDB,Spoken Languages,Texted Languages,Tags,Quality (+),Quality (-),Uploaded,By,User Type,Seeders,Leechers,Info Hash,Picture,Capture Date
Pointstone Total Privacy 6.2.2.190-2010kaiser,301,1,33.13 MiB (34739906 Bytes),,,,"""Pointstone Total"",""Privacy 6.2.2.190"",""Crack"",""Video Tutorial"",""2010kaiser""",,,2013-02-17T20:46:20Z,2010kaiser,[V],2,0,117B51237C4056C8BDACFB353D01D12EADEE7355,//image.bayimg.com/b1292a15240d46d6c323f4c111fb24a4db5cec8e.jpg,2013-06-05T13:49:17Z
