User Type,Username,Date,Text
[T],Little_Devil,2013-06-12T11:32Z,WEBrip =)
,sinner77,2013-06-13T09:18Z,thks
