Title,Type,Files,Size,IMDB,Spoken Languages,Texted Languages,Tags,Quality (+),Quality (-),Uploaded,By,User Type,Seeders,Leechers,Info Hash,Picture,Capture Date
Panorama.S60E46.How.Safe.Is.Your.Hospital.HDTV.x264-BARGE,205,4,143.22 MiB (150179564 Bytes),,,,,,,2013-01-25T16:41:33Z,TvTeam,[V],1,0,E2A819A430CB7C59EF89B36F85C20A685CA7931E,,2013-06-04T10:22:52Z
