Filename,Size,Unit
NHL.SC.2013.06.01.WCF.G1.Kings@Blackhawks.720p60.mkv,3.49,G
NHL.SC.2013.06.02.WCF.G2.Kings@Blackhawks.720p60.mkv,3.2,G
NHL.SC.2013.06.04.WCF.G3.Blackhawks@Kings.720p60fps.mkv,3.1,G
NHL.SC.2013.06.06.WCF.G4.Blackhawks@Kings.720p60.mkv,3.17,G
NHL.SC.2013.06.08.WCF.G5.Kings@Blackhawks.720p60.mkv,4.86,G
