Filename,Size,Unit
Raices Capitulo 1.avi,1.1,G
Raices Capitulo 5.avi,1.09,G
Raices Capitulo 3.avi,1.09,G
Raices capitulo 2.avi,1.09,G
Raices Capitulo 6.avi,915.27,M
Raices Capitulo 4.avi,818.07,M
