User Type,Username,Date,Text
,Filthycam,2013-03-31T05:55Z,a/v? hardcoded subs?
