Filename,Size,Unit
VIDEO_TS/VTS_01_5.VOB,1023.83,M
VIDEO_TS/VTS_01_6.VOB,1023.83,M
VIDEO_TS/VTS_01_2.VOB,1023.83,M
VIDEO_TS/VTS_01_4.VOB,1023.83,M
VIDEO_TS/VTS_01_3.VOB,1023.83,M
VIDEO_TS/VTS_01_1.VOB,1023.83,M
VIDEO_TS/VTS_03_1.VOB,627.31,M
VIDEO_TS/VTS_04_1.VOB,316.5,M
VIDEO_TS/VTS_01_7.VOB,292.24,M
VIDEO_TS/VTS_08_1.VOB,129.55,M
VIDEO_TS/VTS_01_0.VOB,124.51,M
VIDEO_TS/VTS_10_1.VOB,112.12,M
VIDEO_TS/VTS_05_1.VOB,107.25,M
VIDEO_TS/VTS_09_1.VOB,105.51,M
VIDEO_TS/VTS_06_1.VOB,31.19,M
VIDEO_TS/VTS_07_1.VOB,25.68,M
VIDEO_TS/VTS_02_1.VOB,18.91,M
VIDEO_TS/VTS_02_0.VOB,154,K
VIDEO_TS/VTS_06_0.VOB,154,K
VIDEO_TS/VTS_03_0.VOB,154,K
VIDEO_TS/VTS_05_0.VOB,154,K
VIDEO_TS/VTS_07_0.VOB,154,K
VIDEO_TS/VTS_04_0.VOB,154,K
VIDEO_TS/VTS_08_0.VOB,154,K
VIDEO_TS/VTS_10_0.VOB,154,K
VIDEO_TS/VTS_09_0.VOB,154,K
VIDEO_TS/VIDEO_TS.VOB,154,K
VIDEO_TS/VTS_01_0.IFO,88,K
VIDEO_TS/VTS_01_0.BUP,88,K
VIDEO_TS/VTS_03_0.BUP,26,K
VIDEO_TS/VTS_03_0.IFO,26,K
VIDEO_TS/VIDEO_TS.BUP,20,K
VIDEO_TS/VTS_04_0.IFO,20,K
VIDEO_TS/VTS_04_0.BUP,20,K
VIDEO_TS/VIDEO_TS.IFO,20,K
VIDEO_TS/VTS_09_0.BUP,18,K
VIDEO_TS/VTS_02_0.BUP,18,K
VIDEO_TS/VTS_08_0.BUP,18,K
VIDEO_TS/VTS_08_0.IFO,18,K
VIDEO_TS/VTS_06_0.IFO,18,K
VIDEO_TS/VTS_06_0.BUP,18,K
VIDEO_TS/VTS_07_0.BUP,18,K
VIDEO_TS/VTS_09_0.IFO,18,K
VIDEO_TS/VTS_05_0.IFO,18,K
VIDEO_TS/VTS_02_0.IFO,18,K
VIDEO_TS/VTS_10_0.BUP,18,K
VIDEO_TS/VTS_10_0.IFO,18,K
VIDEO_TS/VTS_05_0.BUP,18,K
VIDEO_TS/VTS_07_0.IFO,18,K
