Title,Type,Files,Size,IMDB,Spoken Languages,Texted Languages,Tags,Quality (+),Quality (-),Uploaded,By,User Type,Seeders,Leechers,Info Hash,Picture,Capture Date
Cameron  Cain,506,1,177.07 MiB (185668546 Bytes),,,,"""All Sex"",""Oral""",,,2013-02-08T14:43:55Z,medianb,[T],1,1,26F4E52921740484B3B909A47202FCC2E012B17A,//image.bayimg.com/8b21b77288d0de7cd3b17b1ea0b3de069a970cd6.jpg,2013-06-05T02:18:42Z
