Title,Type,Files,Size,IMDB,Spoken Languages,Texted Languages,Tags,Quality (+),Quality (-),Uploaded,By,User Type,Seeders,Leechers,Info Hash,Picture,Capture Date
Aziani.13.04.25.Nikita.Von.James.Video.1.XXX.1080p.MP4-AZIANI,505,2,430.42 MiB (451331703 Bytes),,,,,,,2013-05-01T21:18:10Z,XxXRG,[V],5,1,4AB4E500087555416A425D78B99DB9EBAEADEAE1,,2013-06-12T05:45:56Z
