User Type,Username,Date,Text
,Calamity-TPB,2013-01-10T04:34Z,"Thank you, @STFmaryville.  :)"
[V],STFmaryville,2013-01-10T04:51Z,you're welcome Calamity-TPB!
