Title,Type,Files,Size,IMDB,Spoken Languages,Texted Languages,Tags,Quality (+),Quality (-),Uploaded,By,User Type,Seeders,Leechers,Info Hash,Picture,Capture Date
Pendragon - Live in Lille (1993) [EAC-APE],104,8,329.78 MiB (345803894 Bytes),,,,,,,2013-04-21T10:06:20Z,qculfj,[V],2,0,7E9FE91F808CA3B1F19D4F548A7FF1EE61D4A1BA,,2013-06-10T18:34:10Z
