Filename,Size,Unit
Californication.S06E02.HDTV.x264-EVOLVE.[VTV].mp4,208.64,M
