Filename,Size,Unit
RE_Sail/01 - Sail (Unlimited Gravity Remix).mp3,10.35,M
RE_Sail/02 - Sail (Edition Analogue By B. Earnd).mp3,9,M
RE_Sail/03 - Sail (Glitch Hop Remix Mongoose).mp3,8.81,M
RE_Sail/04 - Sail (LED Remix).mp3,8.19,M
RE_Sail/05 - Sail (Mis Zap Remix).mp3,8.12,M
RE_Sail/06 - Burn It Down (Innerpartysystem Remix).mp3,9.54,M
RE_Sail/07 - Guilty Filthy Soul (Feat. Wal__) (Samantha Ronson Remix).mp3,6.62,M
RE_Sail/08 - Sail (Innerpartysystem Remix).mp3,10.39,M
RE_Sail/09 - Sail (Dan The Automator Remix).mp3,8.44,M
