Filename,Size,Unit
GOT.S03E05.Kissed.By.Fire.DPELICULA.avi,402.97,M
GOT.S03E05.Kissed.By.Fire.DPELICULA.ssa,103.51,K
