Filename,Size,Unit
Tiffany.Sydney.Swinging.Slut.Buffet.RealSlutParty.2013_iyutero.com.wmv,902.87,M
