Title,Type,Files,Size,IMDB,Spoken Languages,Texted Languages,Tags,Quality (+),Quality (-),Uploaded,By,User Type,Seeders,Leechers,Info Hash,Picture,Capture Date
ATK Hairy - Angela ang097 - 2 - 413 pics in 3 sets,503,413,149.08 MiB (156318222 Bytes),,,,,,,2013-02-16T03:07:38Z,bestec1234,[V],0,2,664349BDC9C657A0187C641818A1AC888357AEC2,//image.bayimg.com/d8a2cc45827104f6a4d2367451f4bba0f57b0059.jpg,2013-06-05T11:33:17Z
