Title,Type,Files,Size,IMDB,Spoken Languages,Texted Languages,Tags,Quality (+),Quality (-),Uploaded,By,User Type,Seeders,Leechers,Info Hash,Picture,Capture Date
[FakeAgent / Casting XXX] Katie (c1213 / 02.26.2013),501,1,827.88 MiB (868096874 Bytes),,,,,,,2013-02-27T04:07:39Z,chkm8te,[V],8,3,8E6415D655C649E6F203E725CB4906738E3694B8,,2013-06-06T15:51:04Z
