Title,Type,Files,Size,IMDB,Spoken Languages,Texted Languages,Tags,Quality (+),Quality (-),Uploaded,By,User Type,Seeders,Leechers,Info Hash,Picture,Capture Date
DigitalDesire.com_13.06.18.Natalia.Cruze.XXX.IMAGESET-FuGLi,503,129,82.28 MiB (86277781 Bytes),,,,"""All Sex"",""Oral"",""Porn"",""Adult"",""Sex"",""Video"",""Rothschild"",""Studio"",""Download"",""Free"",""Adult"",""Pirate"",""PublicHash""",,,2013-06-19T10:04:48Z,R0thschild,[V],15,10,9E00B82BCDA85535E17B9DD035C3760479B19D84,,2013-06-19T11:34:21Z
