User Type,Username,Date,Text
,unnim2,2013-06-21T06:35Z,thank you
,RobbieDee,2013-06-21T07:24Z,"@unnim2

No problem, uploading more from this series soon."
,RobbieDee,2013-06-22T00:40Z,A more comlete version here: https://thepiratebay.sx/torrent/8599092/Battlefields_%5BComplete%5D
