Filename,Size,Unit
prnfle1168x.mp4,541.56,M
