Title,Type,Files,Size,IMDB,Spoken Languages,Texted Languages,Tags,Quality (+),Quality (-),Uploaded,By,User Type,Seeders,Leechers,Info Hash,Picture,Capture Date
Teens.For.Cash.12.XXX.DVDRip.XviD-FLESHLiGHT,501,2,1.36 GiB (1465268224 Bytes),,English,,,,,2013-02-08T18:36:43Z,digital_ripper,[T],2,1,DB3B73934F9ECD94E25E7680EF51B06286FA21A5,,2013-06-05T02:32:28Z
