Filename,Size,Unit
Bumpers.rar,107.71,M
