Filename,Size,Unit
092 - The Future Six Drivers of Global Change.mp3,5.67,M
081 - The Future Six Drivers of Global Change.mp3,5.65,M
138 - The Future Six Drivers of Global Change.mp3,5.64,M
072 - The Future Six Drivers of Global Change.mp3,5.58,M
091 - The Future Six Drivers of Global Change.mp3,5.57,M
070 - The Future Six Drivers of Global Change.mp3,5.57,M
167 - The Future Six Drivers of Global Change.mp3,5.55,M
098 - The Future Six Drivers of Global Change.mp3,5.5,M
039 - The Future Six Drivers of Global Change.mp3,5.49,M
160 - The Future Six Drivers of Global Change.mp3,5.48,M
074 - The Future Six Drivers of Global Change.mp3,5.41,M
163 - The Future Six Drivers of Global Change.mp3,5.41,M
046 - The Future Six Drivers of Global Change.mp3,5.38,M
013 - The Future Six Drivers of Global Change.mp3,5.36,M
142 - The Future Six Drivers of Global Change.mp3,5.34,M
033 - The Future Six Drivers of Global Change.mp3,5.33,M
007 - The Future Six Drivers of Global Change.mp3,5.31,M
133 - The Future Six Drivers of Global Change.mp3,5.3,M
113 - The Future Six Drivers of Global Change.mp3,5.28,M
178 - The Future Six Drivers of Global Change.mp3,5.27,M
047 - The Future Six Drivers of Global Change.mp3,5.27,M
063 - The Future Six Drivers of Global Change.mp3,5.23,M
042 - The Future Six Drivers of Global Change.mp3,5.22,M
152 - The Future Six Drivers of Global Change.mp3,5.22,M
076 - The Future Six Drivers of Global Change.mp3,5.21,M
016 - The Future Six Drivers of Global Change.mp3,5.21,M
122 - The Future Six Drivers of Global Change.mp3,5.19,M
065 - The Future Six Drivers of Global Change.mp3,5.17,M
136 - The Future Six Drivers of Global Change.mp3,5.16,M
100 - The Future Six Drivers of Global Change.mp3,5.16,M
156 - The Future Six Drivers of Global Change.mp3,5.15,M
018 - The Future Six Drivers of Global Change.mp3,5.14,M
127 - The Future Six Drivers of Global Change.mp3,5.14,M
131 - The Future Six Drivers of Global Change.mp3,5.12,M
009 - The Future Six Drivers of Global Change.mp3,5.1,M
078 - The Future Six Drivers of Global Change.mp3,5.09,M
077 - The Future Six Drivers of Global Change.mp3,5.05,M
108 - The Future Six Drivers of Global Change.mp3,5.02,M
139 - The Future Six Drivers of Global Change.mp3,5.02,M
103 - The Future Six Drivers of Global Change.mp3,5.02,M
112 - The Future Six Drivers of Global Change.mp3,5,M
097 - The Future Six Drivers of Global Change.mp3,4.99,M
036 - The Future Six Drivers of Global Change.mp3,4.98,M
011 - The Future Six Drivers of Global Change.mp3,4.98,M
053 - The Future Six Drivers of Global Change.mp3,4.94,M
129 - The Future Six Drivers of Global Change.mp3,4.91,M
165 - The Future Six Drivers of Global Change.mp3,4.91,M
003 - The Future Six Drivers of Global Change.mp3,4.91,M
066 - The Future Six Drivers of Global Change.mp3,4.9,M
048 - The Future Six Drivers of Global Change.mp3,4.89,M
118 - The Future Six Drivers of Global Change.mp3,4.84,M
130 - The Future Six Drivers of Global Change.mp3,4.83,M
086 - The Future Six Drivers of Global Change.mp3,4.76,M
132 - The Future Six Drivers of Global Change.mp3,4.75,M
037 - The Future Six Drivers of Global Change.mp3,4.72,M
024 - The Future Six Drivers of Global Change.mp3,4.71,M
109 - The Future Six Drivers of Global Change.mp3,4.69,M
173 - The Future Six Drivers of Global Change.mp3,4.68,M
080 - The Future Six Drivers of Global Change.mp3,4.66,M
095 - The Future Six Drivers of Global Change.mp3,4.65,M
021 - The Future Six Drivers of Global Change.mp3,4.65,M
170 - The Future Six Drivers of Global Change.mp3,4.63,M
057 - The Future Six Drivers of Global Change.mp3,4.63,M
061 - The Future Six Drivers of Global Change.mp3,4.63,M
166 - The Future Six Drivers of Global Change.mp3,4.61,M
082 - The Future Six Drivers of Global Change.mp3,4.6,M
168 - The Future Six Drivers of Global Change.mp3,4.54,M
148 - The Future Six Drivers of Global Change.mp3,4.51,M
147 - The Future Six Drivers of Global Change.mp3,4.51,M
058 - The Future Six Drivers of Global Change.mp3,4.49,M
034 - The Future Six Drivers of Global Change.mp3,4.47,M
073 - The Future Six Drivers of Global Change.mp3,4.46,M
059 - The Future Six Drivers of Global Change.mp3,4.44,M
069 - The Future Six Drivers of Global Change.mp3,4.42,M
008 - The Future Six Drivers of Global Change.mp3,4.41,M
123 - The Future Six Drivers of Global Change.mp3,4.39,M
177 - The Future Six Drivers of Global Change.mp3,4.38,M
041 - The Future Six Drivers of Global Change.mp3,4.38,M
031 - The Future Six Drivers of Global Change.mp3,4.3,M
079 - The Future Six Drivers of Global Change.mp3,4.3,M
055 - The Future Six Drivers of Global Change.mp3,4.22,M
175 - The Future Six Drivers of Global Change.mp3,4.18,M
017 - The Future Six Drivers of Global Change.mp3,4.17,M
145 - The Future Six Drivers of Global Change.mp3,4.13,M
062 - The Future Six Drivers of Global Change.mp3,4.1,M
045 - The Future Six Drivers of Global Change.mp3,4.1,M
052 - The Future Six Drivers of Global Change.mp3,4.09,M
084 - The Future Six Drivers of Global Change.mp3,4.03,M
022 - The Future Six Drivers of Global Change.mp3,4.02,M
044 - The Future Six Drivers of Global Change.mp3,4.01,M
162 - The Future Six Drivers of Global Change.mp3,4.01,M
164 - The Future Six Drivers of Global Change.mp3,3.97,M
161 - The Future Six Drivers of Global Change.mp3,3.97,M
056 - The Future Six Drivers of Global Change.mp3,3.93,M
115 - The Future Six Drivers of Global Change.mp3,3.9,M
004 - The Future Six Drivers of Global Change.mp3,3.89,M
106 - The Future Six Drivers of Global Change.mp3,3.87,M
151 - The Future Six Drivers of Global Change.mp3,3.83,M
134 - The Future Six Drivers of Global Change.mp3,3.8,M
094 - The Future Six Drivers of Global Change.mp3,3.8,M
028 - The Future Six Drivers of Global Change.mp3,3.78,M
050 - The Future Six Drivers of Global Change.mp3,3.78,M
143 - The Future Six Drivers of Global Change.mp3,3.77,M
154 - The Future Six Drivers of Global Change.mp3,3.72,M
025 - The Future Six Drivers of Global Change.mp3,3.71,M
169 - The Future Six Drivers of Global Change.mp3,3.71,M
085 - The Future Six Drivers of Global Change.mp3,3.69,M
038 - The Future Six Drivers of Global Change.mp3,3.68,M
110 - The Future Six Drivers of Global Change.mp3,3.67,M
116 - The Future Six Drivers of Global Change.mp3,3.67,M
032 - The Future Six Drivers of Global Change.mp3,3.65,M
088 - The Future Six Drivers of Global Change.mp3,3.65,M
083 - The Future Six Drivers of Global Change.mp3,3.54,M
117 - The Future Six Drivers of Global Change.mp3,3.53,M
140 - The Future Six Drivers of Global Change.mp3,3.52,M
090 - The Future Six Drivers of Global Change.mp3,3.52,M
144 - The Future Six Drivers of Global Change.mp3,3.52,M
174 - The Future Six Drivers of Global Change.mp3,3.5,M
111 - The Future Six Drivers of Global Change.mp3,3.46,M
020 - The Future Six Drivers of Global Change.mp3,3.42,M
067 - The Future Six Drivers of Global Change.mp3,3.42,M
121 - The Future Six Drivers of Global Change.mp3,3.38,M
101 - The Future Six Drivers of Global Change.mp3,3.35,M
043 - The Future Six Drivers of Global Change.mp3,3.35,M
040 - The Future Six Drivers of Global Change.mp3,3.32,M
159 - The Future Six Drivers of Global Change.mp3,3.3,M
064 - The Future Six Drivers of Global Change.mp3,3.26,M
010 - The Future Six Drivers of Global Change.mp3,3.25,M
146 - The Future Six Drivers of Global Change.mp3,3.2,M
035 - The Future Six Drivers of Global Change.mp3,3.18,M
137 - The Future Six Drivers of Global Change.mp3,3.14,M
060 - The Future Six Drivers of Global Change.mp3,3.13,M
068 - The Future Six Drivers of Global Change.mp3,3.12,M
107 - The Future Six Drivers of Global Change.mp3,3.11,M
087 - The Future Six Drivers of Global Change.mp3,3.1,M
027 - The Future Six Drivers of Global Change.mp3,3.1,M
150 - The Future Six Drivers of Global Change.mp3,3.09,M
126 - The Future Six Drivers of Global Change.mp3,3.04,M
093 - The Future Six Drivers of Global Change.mp3,3.04,M
155 - The Future Six Drivers of Global Change.mp3,3.03,M
158 - The Future Six Drivers of Global Change.mp3,3.01,M
005 - The Future Six Drivers of Global Change.mp3,2.99,M
149 - The Future Six Drivers of Global Change.mp3,2.95,M
153 - The Future Six Drivers of Global Change.mp3,2.94,M
105 - The Future Six Drivers of Global Change.mp3,2.93,M
019 - The Future Six Drivers of Global Change.mp3,2.91,M
054 - The Future Six Drivers of Global Change.mp3,2.9,M
171 - The Future Six Drivers of Global Change.mp3,2.9,M
125 - The Future Six Drivers of Global Change.mp3,2.89,M
006 - The Future Six Drivers of Global Change.mp3,2.83,M
135 - The Future Six Drivers of Global Change.mp3,2.76,M
102 - The Future Six Drivers of Global Change.mp3,2.76,M
119 - The Future Six Drivers of Global Change.mp3,2.75,M
172 - The Future Six Drivers of Global Change.mp3,2.73,M
176 - The Future Six Drivers of Global Change.mp3,2.65,M
128 - The Future Six Drivers of Global Change.mp3,2.62,M
096 - The Future Six Drivers of Global Change.mp3,2.55,M
089 - The Future Six Drivers of Global Change.mp3,2.45,M
012 - The Future Six Drivers of Global Change.mp3,2.44,M
120 - The Future Six Drivers of Global Change.mp3,2.37,M
099 - The Future Six Drivers of Global Change.mp3,2.29,M
114 - The Future Six Drivers of Global Change.mp3,2.23,M
141 - The Future Six Drivers of Global Change.mp3,2.22,M
029 - The Future Six Drivers of Global Change.mp3,2.13,M
104 - The Future Six Drivers of Global Change.mp3,2.13,M
026 - The Future Six Drivers of Global Change.mp3,2.08,M
157 - The Future Six Drivers of Global Change.mp3,2.01,M
023 - The Future Six Drivers of Global Change.mp3,1.95,M
030 - The Future Six Drivers of Global Change.mp3,1.95,M
071 - The Future Six Drivers of Global Change.mp3,1.94,M
051 - The Future Six Drivers of Global Change.mp3,1.93,M
124 - The Future Six Drivers of Global Change.mp3,1.78,M
075 - The Future Six Drivers of Global Change.mp3,1.31,M
014 - The Future Six Drivers of Global Change.mp3,1.24,M
049 - The Future Six Drivers of Global Change.mp3,1.06,M
015 - The Future Six Drivers of Global Change.mp3,969.83,K
179 - The Future Six Drivers of Global Change.mp3,265.1,K
002 - The Future Six Drivers of Global Change.mp3,243.19,K
001 - The Future Six Drivers of Global Change.mp3,130.1,K
Al Gore - The Future- Six Drivers of Global Change.jpg,12.34,K
