Filename,Size,Unit
01 Welcome - Begin.m4a,3.63,M
02 The Ballad of Speck and Pebble.m4a,5.38,M
03 Source (Connection).m4a,1.36,M
04 Sugar Splash.m4a,8.42,M
05 Attitude _ Gratitude.m4a,2.66,M
06 Source (Construction).m4a,1.28,M
07 Wondervisions.m4a,6.63,M
08 Z Expression.m4a,5.33,M
09 Don't Get Stuck (Proud Elephants).m4a,7.19,M
10 Source (Bridge).m4a,3.36,M
11 Butterfly.m4a,8.24,M
12 Flyin' High.m4a,6.05,M
Wondervisions.jpg,205.1,K
