Title,Type,Files,Size,IMDB,Spoken Languages,Texted Languages,Tags,Quality (+),Quality (-),Uploaded,By,User Type,Seeders,Leechers,Info Hash,Picture,Capture Date
The.Jonathan.Ross.Show.S04E19.720p.HDTV.x264-C4TV,208,5,723.24 MiB (758377061 Bytes),,,,,,,2013-05-23T18:26:00Z,TvTeam,[V],3,1,76D43B476BA29C8A06DDCE06218C908B36906CC4,,2013-06-14T12:37:40Z
