Filename,Size,Unit
Torrent downloaded from unhide-torrents.org.NFO,28,B
amazing_storm_big.mp4,395.38,M
