Filename,Size,Unit
mlib_shay_sights04_480p_1000.mp4,264.69,M
