Title,Type,Files,Size,IMDB,Spoken Languages,Texted Languages,Tags,Quality (+),Quality (-),Uploaded,By,User Type,Seeders,Leechers,Info Hash,Picture,Capture Date
Britains.Secret.Shoppers.S01E01.720p.HDTV.x264-C4TV,208,5,812.83 MiB (852315434 Bytes),,,,,,,2013-02-16T19:35:33Z,TvTeam,[V],0,1,E18E5420B25C3954BD954C153372ADF9D9F726D3,,2013-06-05T12:50:15Z
