Filename,Size,Unit
"58 - (58_78) A Memory of Light_ Wheel of Time, Book 14 (Unabridged) P - Robert Jordan, Brandon Sanderson.mp4",7.39,M
"03 - (3_78) A Memory of Light_ Wheel of Time, Book 14 (Unabridged) Pa - Robert Jordan, Brandon Sanderson.mp4",7.09,M
"02 - (2_78) A Memory of Light_ Wheel of Time, Book 14 (Unabridged) Pa - Robert Jordan, Brandon Sanderson.mp4",7.09,M
"01 - (1_78) A Memory of Light_ Wheel of Time, Book 14 (Unabridged) Pa - Robert Jordan, Brandon Sanderson.mp4",7.07,M
"77 - (77_78) A Memory of Light_ Wheel of Time, Book 14 (Unabridged) P - Robert Jordan, Brandon Sanderson.mp4",7.06,M
"63 - (63_78) A Memory of Light_ Wheel of Time, Book 14 (Unabridged) P - Robert Jordan, Brandon Sanderson.mp4",7.04,M
"65 - (65_78) A Memory of Light_ Wheel of Time, Book 14 (Unabridged) P - Robert Jordan, Brandon Sanderson.mp4",7.04,M
"64 - (64_78) A Memory of Light_ Wheel of Time, Book 14 (Unabridged) P - Robert Jordan, Brandon Sanderson.mp4",7.04,M
"66 - (66_78) A Memory of Light_ Wheel of Time, Book 14 (Unabridged) P - Robert Jordan, Brandon Sanderson.mp4",7.03,M
"72 - (72_78) A Memory of Light_ Wheel of Time, Book 14 (Unabridged) P - Robert Jordan, Brandon Sanderson.mp4",6.99,M
"74 - (74_78) A Memory of Light_ Wheel of Time, Book 14 (Unabridged) P - Robert Jordan, Brandon Sanderson.mp4",6.98,M
"73 - (73_78) A Memory of Light_ Wheel of Time, Book 14 (Unabridged) P - Robert Jordan, Brandon Sanderson.mp4",6.98,M
"75 - (75_78) A Memory of Light_ Wheel of Time, Book 14 (Unabridged) P - Robert Jordan, Brandon Sanderson.mp4",6.98,M
"76 - (76_78) A Memory of Light_ Wheel of Time, Book 14 (Unabridged) P - Robert Jordan, Brandon Sanderson.mp4",6.98,M
"78 - (78_78) A Memory of Light_ Wheel of Time, Book 14 (Unabridged) P - Robert Jordan, Brandon Sanderson.mp4",6.96,M
"04 - (4_78) A Memory of Light_ Wheel of Time, Book 14 (Unabridged) Pa - Robert Jordan, Brandon Sanderson.mp4",6.84,M
"05 - (5_78) A Memory of Light_ Wheel of Time, Book 14 (Unabridged) Pa - Robert Jordan, Brandon Sanderson.mp4",6.84,M
"06 - (6_78) A Memory of Light_ Wheel of Time, Book 14 (Unabridged) Pa - Robert Jordan, Brandon Sanderson.mp4",6.83,M
"13 - (13_78) A Memory of Light_ Wheel of Time, Book 14 (Unabridged) P - Robert Jordan, Brandon Sanderson.mp4",6.83,M
"40 - (40_78) A Memory of Light_ Wheel of Time, Book 14 (Unabridged) P - Robert Jordan, Brandon Sanderson.mp4",6.78,M
"41 - (41_78) A Memory of Light_ Wheel of Time, Book 14 (Unabridged) P - Robert Jordan, Brandon Sanderson.mp4",6.78,M
"42 - (42_78) A Memory of Light_ Wheel of Time, Book 14 (Unabridged) P - Robert Jordan, Brandon Sanderson.mp4",6.77,M
"43 - (43_78) A Memory of Light_ Wheel of Time, Book 14 (Unabridged) P - Robert Jordan, Brandon Sanderson.mp4",6.77,M
"45 - (45_78) A Memory of Light_ Wheel of Time, Book 14 (Unabridged) P - Robert Jordan, Brandon Sanderson.mp4",6.72,M
"56 - (56_78) A Memory of Light_ Wheel of Time, Book 14 (Unabridged) P - Robert Jordan, Brandon Sanderson.mp4",6.7,M
"44 - (44_78) A Memory of Light_ Wheel of Time, Book 14 (Unabridged) P - Robert Jordan, Brandon Sanderson.mp4",6.64,M
"46 - (46_78) A Memory of Light_ Wheel of Time, Book 14 (Unabridged) P - Robert Jordan, Brandon Sanderson.mp4",6.63,M
"54 - (54_78) A Memory of Light_ Wheel of Time, Book 14 (Unabridged) P - Robert Jordan, Brandon Sanderson.mp4",6.63,M
"55 - (55_78) A Memory of Light_ Wheel of Time, Book 14 (Unabridged) P - Robert Jordan, Brandon Sanderson.mp4",6.62,M
"57 - (57_78) A Memory of Light_ Wheel of Time, Book 14 (Unabridged) P - Robert Jordan, Brandon Sanderson.mp4",6.62,M
"30 - (30_78) A Memory of Light_ Wheel of Time, Book 14 (Unabridged) P - Robert Jordan, Brandon Sanderson.mp4",6.54,M
"31 - (31_78) A Memory of Light_ Wheel of Time, Book 14 (Unabridged) P - Robert Jordan, Brandon Sanderson.mp4",6.53,M
"32 - (32_78) A Memory of Light_ Wheel of Time, Book 14 (Unabridged) P - Robert Jordan, Brandon Sanderson.mp4",6.53,M
"11 - (11_78) A Memory of Light_ Wheel of Time, Book 14 (Unabridged) P - Robert Jordan, Brandon Sanderson.mp4",6.5,M
"22 - (22_78) A Memory of Light_ Wheel of Time, Book 14 (Unabridged) P - Robert Jordan, Brandon Sanderson.mp4",6.47,M
"09 - (9_78) A Memory of Light_ Wheel of Time, Book 14 (Unabridged) Pa - Robert Jordan, Brandon Sanderson.mp4",6.41,M
"10 - (10_78) A Memory of Light_ Wheel of Time, Book 14 (Unabridged) P - Robert Jordan, Brandon Sanderson.mp4",6.41,M
"49 - (49_78) A Memory of Light_ Wheel of Time, Book 14 (Unabridged) P - Robert Jordan, Brandon Sanderson.mp4",6.4,M
"48 - (48_78) A Memory of Light_ Wheel of Time, Book 14 (Unabridged) P - Robert Jordan, Brandon Sanderson.mp4",6.4,M
"50 - (50_78) A Memory of Light_ Wheel of Time, Book 14 (Unabridged) P - Robert Jordan, Brandon Sanderson.mp4",6.39,M
"23 - (23_78) A Memory of Light_ Wheel of Time, Book 14 (Unabridged) P - Robert Jordan, Brandon Sanderson.mp4",6.39,M
"21 - (21_78) A Memory of Light_ Wheel of Time, Book 14 (Unabridged) P - Robert Jordan, Brandon Sanderson.mp4",6.38,M
"26 - (25_78) A Memory of Light_ Wheel of Time, Book 14 (Unabridged) P - Robert Jordan, Brandon Sanderson.mp4",6.24,M
"25 - (25_78) A Memory of Light_ Wheel of Time, Book 14 (Unabridged) P - Robert Jordan, Brandon Sanderson.mp4",6.24,M
"27 - (27_78) A Memory of Light_ Wheel of Time, Book 14 (Unabridged) P - Robert Jordan, Brandon Sanderson.mp4",6.22,M
"34 - (34_78) A Memory of Light_ Wheel of Time, Book 14 (Unabridged) P - Robert Jordan, Brandon Sanderson.mp4",6.2,M
"33 - (33_78) A Memory of Light_ Wheel of Time, Book 14 (Unabridged) P - Robert Jordan, Brandon Sanderson.mp4",6.13,M
"35 - (35_78) A Memory of Light_ Wheel of Time, Book 14 (Unabridged) P - Robert Jordan, Brandon Sanderson.mp4",6.12,M
"47 - (47_78) A Memory of Light_ Wheel of Time, Book 14 (Unabridged) P - Robert Jordan, Brandon Sanderson.mp4",6.04,M
"67 - (67_78) A Memory of Light_ Wheel of Time, Book 14 (Unabridged) P - Robert Jordan, Brandon Sanderson.mp4",6.01,M
"70 - (70_78) A Memory of Light_ Wheel of Time, Book 14 (Unabridged) P - Robert Jordan, Brandon Sanderson.mp4",5.93,M
"68 - (68_78) A Memory of Light_ Wheel of Time, Book 14 (Unabridged) P - Robert Jordan, Brandon Sanderson.mp4",5.93,M
"69 - (69_78) A Memory of Light_ Wheel of Time, Book 14 (Unabridged) P - Robert Jordan, Brandon Sanderson.mp4",5.92,M
"14 - (14_78) A Memory of Light_ Wheel of Time, Book 14 (Unabridged) P - Robert Jordan, Brandon Sanderson.mp4",5.84,M
"15 - (15_78) A Memory of Light_ Wheel of Time, Book 14 (Unabridged) P - Robert Jordan, Brandon Sanderson.mp4",5.84,M
"16 - (16_78) A Memory of Light_ Wheel of Time, Book 14 (Unabridged) P - Robert Jordan, Brandon Sanderson.mp4",5.83,M
"19 - (19_78) A Memory of Light_ Wheel of Time, Book 14 (Unabridged) P - Robert Jordan, Brandon Sanderson.mp4",5.81,M
"17 - (17_78) A Memory of Light_ Wheel of Time, Book 14 (Unabridged) P - Robert Jordan, Brandon Sanderson.mp4",5.81,M
"18 - (18_78) A Memory of Light_ Wheel of Time, Book 14 (Unabridged) P - Robert Jordan, Brandon Sanderson.mp4",5.81,M
"20 - (20_78) A Memory of Light_ Wheel of Time, Book 14 (Unabridged) P - Robert Jordan, Brandon Sanderson.mp4",5.8,M
"37 - (37_78) A Memory of Light_ Wheel of Time, Book 14 (Unabridged) P - Robert Jordan, Brandon Sanderson.mp4",5.16,M
"51 - (51_78) A Memory of Light_ Wheel of Time, Book 14 (Unabridged) P - Robert Jordan, Brandon Sanderson.mp4",5.16,M
"38 - (38_78) A Memory of Light_ Wheel of Time, Book 14 (Unabridged) P - Robert Jordan, Brandon Sanderson.mp4",5.16,M
"52 - (52_78) A Memory of Light_ Wheel of Time, Book 14 (Unabridged) P - Robert Jordan, Brandon Sanderson.mp4",5.16,M
"53 - (53_78) A Memory of Light_ Wheel of Time, Book 14 (Unabridged) P - Robert Jordan, Brandon Sanderson.mp4",5.16,M
"39 - (39_78) A Memory of Light_ Wheel of Time, Book 14 (Unabridged) P - Robert Jordan, Brandon Sanderson.mp4",5.15,M
"61 - (61_78) A Memory of Light_ Wheel of Time, Book 14 (Unabridged) P - Robert Jordan, Brandon Sanderson.mp4",4.51,M
"62 - (62_78) A Memory of Light_ Wheel of Time, Book 14 (Unabridged) P - Robert Jordan, Brandon Sanderson.mp4",4.51,M
"71 - (71_78) A Memory of Light_ Wheel of Time, Book 14 (Unabridged) P - Robert Jordan, Brandon Sanderson.mp4",4.47,M
"28 - (28_78) A Memory of Light_ Wheel of Time, Book 14 (Unabridged) P - Robert Jordan, Brandon Sanderson.mp4",4.14,M
"29 - (29_78) A Memory of Light_ Wheel of Time, Book 14 (Unabridged) P - Robert Jordan, Brandon Sanderson.mp4",4.13,M
"59 - (59_78) A Memory of Light_ Wheel of Time, Book 14 (Unabridged) P - Robert Jordan, Brandon Sanderson.mp4",3.83,M
"60 - (60_78) A Memory of Light_ Wheel of Time, Book 14 (Unabridged) P - Robert Jordan, Brandon Sanderson.mp4",3.82,M
"07 - (7_78) A Memory of Light_ Wheel of Time, Book 14 (Unabridged) Pa - Robert Jordan, Brandon Sanderson.mp4",3.77,M
"08 - (8_78) A Memory of Light_ Wheel of Time, Book 14 (Unabridged) Pa - Robert Jordan, Brandon Sanderson.mp4",3.75,M
"24 - (24_78) A Memory of Light_ Wheel of Time, Book 14 (Unabridged) P - Robert Jordan, Brandon Sanderson.mp4",2.92,M
"12 - (12_78) A Memory of Light_ Wheel of Time, Book 14 (Unabridged) P - Robert Jordan, Brandon Sanderson.mp4",1.8,M
"36 - (36_78) A Memory of Light_ Wheel of Time, Book 14 (Unabridged) P - Robert Jordan, Brandon Sanderson.mp4",667.13,K
