Title,Type,Files,Size,IMDB,Spoken Languages,Texted Languages,Tags,Quality (+),Quality (-),Uploaded,By,User Type,Seeders,Leechers,Info Hash,Picture,Capture Date
Internal Cumbustion 18 (2013),505,4,1.24 GiB (1331400977 Bytes),,,,,,,2013-02-27T13:19:37Z,gatasalvaje,[V],5,3,D113A216E23838D829310CFFE06A04F2B31E3888,//image.bayimg.com/4fdccf3af6fe62ac86c4b55bde57459bdf1e5b70.jpg,2013-06-06T16:14:55Z
