Title,Type,Files,Size,IMDB,Spoken Languages,Texted Languages,Tags,Quality (+),Quality (-),Uploaded,By,User Type,Seeders,Leechers,Info Hash,Picture,Capture Date
CyberLink PowerDirector 11 Ultra 11.0.0.2516 Multilingual [Ching,301,5,843.43 MiB (884397771 Bytes),,,,,,,2013-01-25T18:54:59Z,Ching_Liu,[V],38,2,658C12F4069751A11627A8127DCE6A3DF1BBDF1E,//image.bayimg.com/673853afeec981eed932eb36286ff96276644bfd.jpg,2013-06-04T10:35:55Z
