Title,Type,Files,Size,IMDB,Spoken Languages,Texted Languages,Tags,Quality (+),Quality (-),Uploaded,By,User Type,Seeders,Leechers,Info Hash,Picture,Capture Date
[BigButtsLikeItBig] Jynx Maze (First Class Ass Yoga / 03.13.2013,505,1,1.65 GiB (1768125536 Bytes),,,,,,,2013-03-13T05:47:00Z,chkm8te,[V],14,4,46000652AD3907B5C689E2D85FB4D9C2F9B4F71E,,2013-06-08T04:13:16Z
