Filename,Size,Unit
my-black-step-dad-2-scene3.mp4,700.39,M
my-black-step-dad-2-scene4.mp4,671.55,M
my-black-step-dad-2-scene1.mp4,558.65,M
my-black-step-dad-2-scene2.mp4,383.22,M
my-black-step-dad-2-bonus-scene1.mp4,156.39,M
cover2.jpg,152.64,K
cover1.jpg,127.01,K
