Filename,Size,Unit
Mere Dad Ki Maruti (2013) 450MB HDRip DDH~RG.mp4,450.08,M
ScreenShots DDH-RG/1.png,262.48,K
ScreenShots DDH-RG/2.png,301.51,K
ScreenShots DDH-RG/3.png,405,K
ScreenShots DDH-RG/4.png,285.81,K
ScreenShots DDH-RG/5.png,408.52,K
ScreenShots DDH-RG/6.png,336.8,K
ScreenShots DDH-RG/7.png,348.93,K
Torrent tracked by DesiDhamal.com.txt,613,B
