Title,Type,Files,Size,IMDB,Spoken Languages,Texted Languages,Tags,Quality (+),Quality (-),Uploaded,By,User Type,Seeders,Leechers,Info Hash,Picture,Capture Date
Los vengadores,201,1,1.72 GiB (1842024448 Bytes),,Spanish,,"""Los vengadores""",,,2013-06-19T09:46:21Z,Miguel223,,280,18,5266E4FBADEFC328C6514C7E88F90AFC55304EA6,,2013-06-19T11:32:34Z
