Filename,Size,Unit
rusted-snowblind-1080p.mkv,6.56,G
Downloaded From PublicHD.SE.txt,93,B
