Filename,Size,Unit
prnfle1620x.mp4,811.84,M
