Title,Type,Files,Size,IMDB,Spoken Languages,Texted Languages,Tags,Quality (+),Quality (-),Uploaded,By,User Type,Seeders,Leechers,Info Hash,Picture,Capture Date
"Hansen, McKibben, Romm - 'Stopping Warning - 1 Missing Thing .'.",201,3,508.38 MiB (533072547 Bytes),,English,English,,,,2013-04-06T16:57:31Z,UnviolentPeacemaker,,2,0,CE42FE9AF9C94B705211C0B22EB68CC17A769532,,2013-06-09T22:23:41Z
