Filename,Size,Unit
Ariclenes.png,106.79,K
DutchReleaseTeam NFO.txt,463,B
DutchReleaseTeam.png,105.06,K
Screenshot.bmp,1.77,M
The Haunting In Connecticut 2 Ghosts of Georgia (2013) WEBRip NL Subs DutchReleaseTeam.avi,800.43,M
