Title,Type,Files,Size,IMDB,Spoken Languages,Texted Languages,Tags,Quality (+),Quality (-),Uploaded,By,User Type,Seeders,Leechers,Info Hash,Picture,Capture Date
"La boheme (King Vidor, 1926)",201,1,1.28 GiB (1369311966 Bytes),http://www.imdb.com/title/tt0016669/,,English,,,,2013-04-04T00:36:31Z,moonflux,[T],1,1,E6721D6AA27D5E86D02CA9D85C70C7EF5D7E8C5C,,2013-06-09T15:31:11Z
