Filename,Size,Unit
Markus Schulz presents - Global DJ Broadcast (21 February 2013).mp3,218.48,M
