Filename,Size,Unit
Ride (Photek Remix).mp3,10.24,M
cover.jpg,53.32,K
