Title,Type,Files,Size,IMDB,Spoken Languages,Texted Languages,Tags,Quality (+),Quality (-),Uploaded,By,User Type,Seeders,Leechers,Info Hash,Picture,Capture Date
CarmenValentina.12.05.25.Cheating.Carmen.Busted.XXX.720p.WMV-SEX,599,4,585.4 MiB (613835903 Bytes),,,,"""CarmenValentina"",""Cheating"",""Carmen"",""Busted"",""XXX"",""720p"",""WMV"",""SEXYTV""",,,2013-03-19T14:49:16Z,Drarbg,[V],0,2,E96D0FD14FAD43C49B3CC68CEE7D8BD3424C18AC,,2013-06-08T16:50:17Z
