Filename,Size,Unit
"Milf-In den Mund spritzen, bitte.mov",333.79,M
