Title,Type,Files,Size,IMDB,Spoken Languages,Texted Languages,Tags,Quality (+),Quality (-),Uploaded,By,User Type,Seeders,Leechers,Info Hash,Picture,Capture Date
Shemale - Gia Di Marco And Natassia Dream,506,1,390.27 MiB (409227306 Bytes),,,,"""Shemale"",""Gia""",,,2013-02-08T23:22:14Z,irealu69,[V],6,4,EE2A0FAEE993F1D8983F96E0CD9B6463EAACD5A8,//image.bayimg.com/89fefccc1e46158294e2032d6d63965f4ab6fb7a.jpg,2013-06-05T02:46:12Z
