Filename,Size,Unit
Shibari Tutorial 4.avi,1.08,G
