Title,Type,Files,Size,IMDB,Spoken Languages,Texted Languages,Tags,Quality (+),Quality (-),Uploaded,By,User Type,Seeders,Leechers,Info Hash,Picture,Capture Date
Toy Box - FanTastic And ToyRide (The Essential Collection),104,42,1.18 GiB (1262050415 Bytes),,,,,,,2013-02-07T18:37:17Z,Legendarien,,1,1,824C615BB951AF08B9A5153487776926C3679685,//image.bayimg.com/1df9f098e316c65872d152e4447be37d7476a525.jpg,2013-06-05T01:20:31Z
