Filename,Size,Unit
Bubble Guppies S02E10 The Beach Ball.avi,273.66,M
