Filename,Size,Unit
Dirty Twins (1993) Magma   [RRG]{Brego}.avi,1.09,G
