Title,Type,Files,Size,IMDB,Spoken Languages,Texted Languages,Tags,Quality (+),Quality (-),Uploaded,By,User Type,Seeders,Leechers,Info Hash,Picture,Capture Date
nurumassage - Asa kortney2 1080 [group sex],505,1,978.01 MiB (1025515362 Bytes),,,,"""hardcore"",""all sex"",""amateur""",,,2013-03-09T08:55:51Z,Anonymous,,1,0,2D05322EFE7897DD5EABFCFAEEE458C1C34AD38B,,2013-06-07T18:29:22Z
