Title,Type,Files,Size,IMDB,Spoken Languages,Texted Languages,Tags,Quality (+),Quality (-),Uploaded,By,User Type,Seeders,Leechers,Info Hash,Picture,Capture Date
Blake's Music Compilation,199,228,1.12 GiB (1200615603 Bytes),,,,"""Blake"",""Blake's"",""music"",""band"",""was"",""corpse"",""children"",""drowning"",""your"",""mother"",""everybody"",""dies"",""mark"",""g-mark"",""kwis"",""k.w.i.s."",""know"",""what"",""I'm"",""saying"",""sayin"",""comedy"",""raps"",""killing"",""under"",""the"",""influence"",""madd"",""mad"",""athiest"",""athiests"",""None""",,,2013-03-02T01:24:38Z,BlakeBlackstone,,0,1,5CAA6775DE215ADF9CA18D4FF526A5B3FB751471,,2013-06-06T21:36:19Z
