Filename,Size,Unit
Rush_Limbaugh_0220_Hr3_2.mp3,11.41,M
Rush_Limbaugh_0220_Hr2_2.mp3,11.41,M
Rush_Limbaugh_0220_Hr1_2.mp3,11.41,M
Rush_Limbaugh_0220_Hr3_1.mp3,11.04,M
Rush_Limbaugh_0220_Hr1_1.mp3,11.04,M
Rush_Limbaugh_0220_Hr2_1.mp3,11.04,M
