Filename,Size,Unit
First Read This Guide.txt,382,B
wwe.friday.night.smackdown.2013.05.03.hdtv.x264-kyr.mp4,1.08,G
wwe.friday.night.smackdown.2013.05.03.hdtv.x264-kyr.nfo,10.03,K
www.Torrenting.com.txt,382,B
