Filename,Size,Unit
Sim.Senhor.DVDRip.SenhoreSTorrenT.rmvb,460.48,M
