Filename,Size,Unit
03 The Creepers Family 2 (2013) [WEBRip][WwW.LoKoTorrents.CoM].mp4,704.29,M
04 The Creepers Family 2 (2013) [WEBRip][WwW.LoKoTorrents.CoM].mp4,687.19,M
02 The Creepers Family 2 (2013) [WEBRip][WwW.LoKoTorrents.CoM].mp4,528.42,M
01 The Creepers Family 2 (2013) [WEBRip][WwW.LoKoTorrents.CoM].mp4,510.22,M
