Filename,Size,Unit
Crack V2.RAR.rar,3.96,M
