Filename,Size,Unit
01. Phatman - Overload (Original Mix).mp3,14.89,M
"02. Disonata, Soloman - Lurkin (Original Mix).mp3",13.71,M
06. DJ Snipaz - Emerald Mist (Oringal Mix).mp3,13.65,M
"16. DJ Snipaz, Squalid Squad - Understand (DJ SnipaZ VIP Mix).mp3",13.53,M
"13. JKL, Hoolio - Congo Chant (Original Mix).mp3",13.12,M
19. The Aliens - Stay Out (Original Mix).mp3,12.85,M
"18. Devious, JKL - Cash Flow (Original Mix).mp3",12.73,M
23. Jam PRD - Destroy (Original Mix).mp3,12.65,M
04. D2 - Rat Trap (Original Mix).mp3,12.6,M
10. Bukez Finezt - Head Noddah VIP (VIP Mix).mp3,11.88,M
"14. Unnatural Forces, Dubizm - FKD (Original Mix).mp3",11.81,M
03. Badklaat - Original Sauce (Megalodon Remi.mp3,11.69,M
07. Bukez Finezt - Bubblin VIP (VIP Mix).mp3,11.68,M
09. DJ 3rd Kind - Witch Part (Original Mix).mp3,11.57,M
24. Enigma Dubz - Hushabye Mountain (Original Mi.mp3,11.06,M
05. Requake - Push Back VIP (VIP Mix).mp3,11.03,M
"22. Suspect, Mr Boogie - Stinking Mug (Original Mix).mp3",10.88,M
"20. Standard Procedure, Unnatural - Come Get Some (Original Mix).mp3",10.64,M
21. Standard Procedure - Nuclear Bomb (Original Mix).mp3,10.64,M
"15. Requake, Vodex - Cycloid (Original Mix).mp3",10.64,M
12. Drugganaut - Controller VIP (VIP Mix).mp3,10.54,M
11. Apollo - Sticky Fingers (Original Mix).mp3,10.54,M
08. Boogieman - MAD (Original Mix).mp3,10.4,M
17. Daisy Chain - The Danger (Original Mix).mp3,9.98,M
bassclash.jpg,264.35,K
