Filename,Size,Unit
JREP-343-64k.ogg,57.74,M
