Title,Type,Files,Size,IMDB,Spoken Languages,Texted Languages,Tags,Quality (+),Quality (-),Uploaded,By,User Type,Seeders,Leechers,Info Hash,Picture,Capture Date
VA-Romanian Party Hits Vol 168 (2013),101,23,158.96 MiB (166683372 Bytes),,,,,,,2013-02-25T06:23:30Z,janmejaya,[T],17,0,FF8C267D4375A8F88BA71BE1BBB6613E5E9B5C52,,2013-06-05T23:51:14Z
