Filename,Size,Unit
noflacc.7z,127.33,M
