Title,Type,Files,Size,IMDB,Spoken Languages,Texted Languages,Tags,Quality (+),Quality (-),Uploaded,By,User Type,Seeders,Leechers,Info Hash,Picture,Capture Date
Boffing The Babysitter vol. 15 (2013) [DvdRip].mp4,501,1,1.16 GiB (1240223682 Bytes),,English,English,"""Hardcore"",""XxX"",""Hot"",""Cumshot"",""Blowjob"",""Facial"",""Feature""",,,2013-04-16T17:14:29Z,FluxXxu,[V],3,2,0128E507C687ECFA81AC22446B4272AA5BDDFAA2,//image.bayimg.com/b96b308278f5e3cb111638840d009ff3e4fd36f2.jpg,2013-06-10T12:39:17Z
