Filename,Size,Unit
GirlsDoPorn - Amy/Torrent Downloaded from RARBG.com.nfo,33,B
GirlsDoPorn - Amy/fps-gdp.amy.wmv,1.29,G
RARBG.com.txt,34,B
