Filename,Size,Unit
Mallorca 2012 720p BluRay DTS 5.1 x264-DON.mkv,5.39,G
