Filename,Size,Unit
Episode 1.avi,239.93,M
episode 10.avi,221.42,M
episode 9.avi,220.78,M
episode 6.avi,217.64,M
episode 8.avi,217.44,M
episode 5.avi,216.76,M
episode 4.avi,216.67,M
episode 2.avi,216.28,M
episode 3.avi,215.06,M
episode 7.avi,203.58,M
