Filename,Size,Unit
HMP FEBRUARY 2013/01 - Aaliyah (Feat. Jessie Ware) - Katy B.mp3,5.36,M
HMP FEBRUARY 2013/02 - Borrowed Times - Parquet Courts.mp3,5.89,M
HMP FEBRUARY 2013/03 - Breathing Underwater - Metric.mp3,7.4,M
"HMP FEBRUARY 2013/04 - Celebration (Feat. Chris Brown, Tyga, Lil Wayne & Wiz Khalifa) - Game.mp3",11.13,M
HMP FEBRUARY 2013/05 - Ceremony (Feat. Ida No) (New Order Cover) - Chromatics.mp3,14.74,M
HMP FEBRUARY 2013/06 - Countdown (Jack Beats Remix) - Beyonce.mp3,3.84,M
HMP FEBRUARY 2013/07 - CPU (Feat. Phantogram) - Big Boi.mp3,3.93,M
HMP FEBRUARY 2013/08 - Dancing (Feat. Marvin Gaye) - Theophilus London.mp3,8.27,M
HMP FEBRUARY 2013/09 - Diamonds (Danny Diggz Moombahton Remix) - Rihanna.mp3,8.85,M
HMP FEBRUARY 2013/10 - Diamonds (Kanye West Remix) - Rihanna.mp3,11.12,M
HMP FEBRUARY 2013/11 - Errthang (Ryan Hemsworth Remix) - Bruiser Brigade.mp3,9.59,M
HMP FEBRUARY 2013/12 - Everything Is Embarassing (Twin Shadow Remix) - Sky Ferreira.mp3,4.56,M
HMP FEBRUARY 2013/13 - Feels Like We Only Go Backwards - Tame Impala.mp3,4.5,M
HMP FEBRUARY 2013/14 - Fo Real (Feat. Drake) - Future.mp3,8.45,M
HMP FEBRUARY 2013/15 - Girl On Fire (Feat. Nicki Minaj) - Alicia Keys.mp3,8.67,M
HMP FEBRUARY 2013/16 - Girls - Santigold.mp3,2.2,M
HMP FEBRUARY 2013/17 - Gold Dust - DJ Fresh.mp3,7.34,M
HMP FEBRUARY 2013/18 - Got No Money - Fidlar.mp3,3.49,M
HMP FEBRUARY 2013/19 - Gun Shy (Lindstrom Remix) - Grizzly Bear.mp3,6.4,M
HMP FEBRUARY 2013/20 - Harder Than You Think - Public Enemy.mp3,9.63,M
HMP FEBRUARY 2013/21 - Heal Over Time - Young Guv + The Scuzz.mp3,7.01,M
HMP FEBRUARY 2013/22 - Heavy Feet - Local Natives.mp3,3.84,M
HMP FEBRUARY 2013/23 - Hit Me - Mystikal.mp3,3.51,M
HMP FEBRUARY 2013/24 - Holing Out - Yuck.mp3,9.64,M
HMP FEBRUARY 2013/25 - Hunting Holiday - White Lung.mp3,1.61,M
HMP FEBRUARY 2013/26 - I Always Knew - The Vaccines.mp3,8.26,M
HMP FEBRUARY 2013/27 - I Could Be The One - Avicii vs. Nicky Romero.mp3,17.47,M
HMP FEBRUARY 2013/28 - Inside A Frame - Fucked Up.mp3,4.01,M
HMP FEBRUARY 2013/29 - Know Til Now - Jim James.mp3,5.99,M
HMP FEBRUARY 2013/30 - Ladi Dadi (Tommy Trash Remix) - Steve Aoki.mp3,12.17,M
HMP FEBRUARY 2013/31 - Lightning Bolt - Jake Bugg.mp3,5.59,M
HMP FEBRUARY 2013/32 - Locked Out Of Heaven - Bruno Mars.mp3,9.01,M
HMP FEBRUARY 2013/33 - Lovers In The Parking Lot - Solange.mp3,4.08,M
HMP FEBRUARY 2013/34 - MIRRORs (School of Seven Bells Remix) - Railbird.mp3,5.96,M
HMP FEBRUARY 2013/35 - Never Seen Such Good Things - Devendra Banhart.mp3,3.03,M
HMP FEBRUARY 2013/36 - New York - Angel Haze.mp3,8.03,M
HMP FEBRUARY 2013/37 - No Destruction - Foxygen.mp3,4.59,M
HMP FEBRUARY 2013/38 - One Way Trigger - The Strokes.mp3,9.33,M
HMP FEBRUARY 2013/39 - Phresh Out The Runway - Rihanna.mp3,8.59,M
HMP FEBRUARY 2013/40 - Pond Rot - California X.mp3,3.39,M
HMP FEBRUARY 2013/41 - Remember You (Feat. The Weeknd) - Wiz Khalifa.mp3,11.13,M
HMP FEBRUARY 2013/42 - Sail To The Sun - Wavves.mp3,3.05,M
HMP FEBRUARY 2013/43 - Shoes For Running (Feat. B.o.B. & Wavves) - Big Boi.mp3,3.6,M
HMP FEBRUARY 2013/44 - Sleep In The Park - Solange.mp3,6.98,M
HMP FEBRUARY 2013/45 - Soup Boys - Heems.mp3,9.63,M
HMP FEBRUARY 2013/46 - Spectrum (Say My Name) (Calvin Harris Remix) - Calvin Harris.mp3,8.43,M
HMP FEBRUARY 2013/47 - Stay (Feat. Mikky Ekko) - Rihanna.mp3,9.29,M
HMP FEBRUARY 2013/48 - Still D.R.E (2 Deep & Dj Kraver Remix) - Dr. Dre & Snoop Dogg.mp3,2.94,M
HMP FEBRUARY 2013/49 - Strange Love - Karen O.mp3,5.87,M
HMP FEBRUARY 2013/50 - Suit & Tie (Feat. Jay-Z) - Justin Timberlake.mp3,5.09,M
HMP FEBRUARY 2013/51 - Sweet Nothing (Feat. Florence Welch) - Calvin Harris.mp3,8.27,M
HMP FEBRUARY 2013/52 - Teardrop Windows - Benjamin Gibbard.mp3,6.49,M
HMP FEBRUARY 2013/53 - Through Frozen Forests - Aaron Espe.mp3,5.95,M
HMP FEBRUARY 2013/54 - Tour De Roses Anthem - Theophilus London.mp3,9.4,M
HMP FEBRUARY 2013/55 - Unchained - 2Pac & James Brown.mp3,5.44,M
HMP FEBRUARY 2013/56 - Unorthodox (Prod. DJ Premier) - Joey Bada$$.mp3,3.39,M
HMP FEBRUARY 2013/57 - Weird Shapes - Surfer Blood.mp3,8.12,M
HMP FEBRUARY 2013/58 - Where Are We Now - David Bowie.mp3,9.56,M
HMP FEBRUARY 2013/59 - Wild For The Night (Feat. Skrillex) - A$AP Rocky.mp3,4.87,M
HMP FEBRUARY 2013/60 - Wild Water Kingdom - Heems.mp3,13.16,M
HMP FEBRUARY 2013/61 - Wolf - First Aid Kit.mp3,6.58,M
info/hmpfeb13-square.JPG,62.08,K
info/info.txt,4.88,K
