Title,Type,Files,Size,IMDB,Spoken Languages,Texted Languages,Tags,Quality (+),Quality (-),Uploaded,By,User Type,Seeders,Leechers,Info Hash,Picture,Capture Date
OnlyTeenBlowJobs.13.03.27.Teddi.Rae.XXX.1080p.MP4-KTR,505,2,986.87 MiB (1034803860 Bytes),,,,"""Handjob"",""Blowjob""",,,2013-03-27T21:39:20Z,R0thschild,[V],3,1,B37EE17DC207CA78EB968FAA82A02D19262FBEE6,,2013-06-09T05:18:33Z
