Filename,Size,Unit
Mens Health Magazine June 2013.pdf,132.82,M
AfT3RLiF3 PDF Magazine Uploads.jpg,217.25,K
New Text Document.txt,198,B
