Filename,Size,Unit
The Last Stand (2013) HDCAM NL subs DutchReleaseTeam.avi,714.36,M
sample.avi,1.6,M
Koedje.png,115.78,K
Multimediacafe.png,105.06,K
Screenshot1.jpg,33.18,K
Screenshot2.jpg,24.5,K
Screenshot4.jpg,19.74,K
Screenshot3.jpg,12.7,K
DutchReleaseTeam NFO.txt,474,B
