Title,Type,Files,Size,IMDB,Spoken Languages,Texted Languages,Tags,Quality (+),Quality (-),Uploaded,By,User Type,Seeders,Leechers,Info Hash,Picture,Capture Date
[Passion-HD] Holly Michaels (Top Model / 04.03.2013),506,1,180.94 MiB (189730867 Bytes),,,,,,,2013-04-04T04:49:28Z,chkm8te,[V],20,0,9307E159E4B509372C12D265F0E242C9B71F108A,,2013-06-09T17:32:14Z
