Filename,Size,Unit
The.Garden.of.Words.2013.720p.BluRay.x264-WiKi.nfo,4.59,K
The.Garden.of.Words.2013.720p.BluRay.x264-WiKi.mkv,1.66,G
Downloaded From PublicHD.SE.txt,93,B
