Filename,Size,Unit
1-The Black Eyed Peas-Boom Boom Pow.mp3,11.81,M
10-The Black Eyed Peas-Out Of My Head.mp3,8.91,M
11-The Black Eyed Peas-Electric City.mp3,9.53,M
12-The Black Eyed Peas-Showdown.mp3,10.26,M
13-The Black Eyed Peas-Now Generation.mp3,9.44,M
14-The Black Eyed Peas-One Tribe.mp3,10.77,M
15-The Black Eyed Peas-Rockin To Beat.mp3,8.65,M
16-The Black Eyed Peas-Simple Little Melody.mp3,7.36,M
17-The Black Eyed Peas-Mare.mp3,6.74,M
18-The Black Eyed Peas-Whip It.mp3,8.53,M
2-The Black Eyed Peas-Rock That Body.mp3,10.32,M
3-The Black Eyed Peas-Meet Me Halfway.mp3,10.91,M
4-The Black Eyed Peas-Imma Be.mp3,9.83,M
5-The Black Eyed Peas-I Gotta Feeling.mp3,11.09,M
6-The Black Eyed Peas-Alive.mp3,11.64,M
7-The Black Eyed Peas-Missing You.mp3,10.53,M
8-The Black Eyed Peas-Ring-a-Ling.mp3,10.47,M
9-The Black Eyed Peas-Party All The Time.mp3,10.88,M
folder.jpg,57.91,K
