Filename,Size,Unit
Follow Me on Facebook.txt,40,B
PSY - Gentleman (2013) 1080p x264 AAC - SceneDL/Info.txt,3.11,K
PSY - Gentleman (2013) 1080p x264 AAC - SceneDL/PSY - Gentleman.MP4,157.48,M
PSY - Gentleman [ 320kbps - Single - 2013 ] - SceneDL/Info.txt,2.04,K
PSY - Gentleman [ 320kbps - Single - 2013 ] - SceneDL/PSY - Gentleman.mp3,7.51,M
SceneDL.nfo,2.63,K
