Title,Type,Files,Size,IMDB,Spoken Languages,Texted Languages,Tags,Quality (+),Quality (-),Uploaded,By,User Type,Seeders,Leechers,Info Hash,Picture,Capture Date
Sexy60Plus.E087.Lola.Nole.XXX.MP4-oRo,506,4,317.69 MiB (333118151 Bytes),,,,"""All Sex"",""MILF""",,,2013-03-19T22:48:42Z,R0thschild,[V],0,2,94BD0C1850D6993E07EC9323FA4C44A93380C861,,2013-06-08T17:18:04Z
