Filename,Size,Unit
Tegen De Sterren Op S03E09 FLEMISH - RealCo.mp4,296.74,M
Tegen De Sterren Op S03E09 FLEMISH - RealCo.nzb,69.53,K
