Filename,Size,Unit
The.Odd.Couple.1968.1080p.BluRay.X264-AMIABLE.mkv,7.65,G
Downloaded From PublicHD.SE.txt,93,B
