Title,Type,Files,Size,IMDB,Spoken Languages,Texted Languages,Tags,Quality (+),Quality (-),Uploaded,By,User Type,Seeders,Leechers,Info Hash,Picture,Capture Date
Jo.Koy.Dont.Make.Him.Angry.2009.DVDRip.XviD-PHOBOS,201,5,716.62 MiB (751427442 Bytes),,,,,,,2013-05-07T11:04:09Z,TvTeam,[V],0,1,CB39EC0F52FDAF78E038D57DA8CA46A4418AFEE6,,2013-06-12T16:07:43Z
