Title,Type,Files,Size,IMDB,Spoken Languages,Texted Languages,Tags,Quality (+),Quality (-),Uploaded,By,User Type,Seeders,Leechers,Info Hash,Picture,Capture Date
Pretty Cure Max Heart - 14.mp4,205,1,59 MiB (61866502 Bytes),,Spanish,,,,,2013-05-02T13:51:47Z,Anonymous,,0,0,CC546CC13D539A53EEDE57CC1B6BF050CBC197C3,,2013-06-12T06:27:39Z
