Filename,Size,Unit
Torrent downloaded from PublicHash.com.txt,151,B
sophie-lynx-007fjpovv1-high.mp4,649.14,M
