Filename,Size,Unit
hooliganwars.nfo,3.55,K
READ this before playing the Movie.txt,605,B
sample.mp4,12.79,M
The Hooligan Wars 2012 BRRip x264 AAC-BiGKATS.mp4,699.77,M
www.Torrenting.com.txt,605,B
