Filename,Size,Unit
Malcolm-1x02-el_vestido_rojo.mp4,48,M
