Title,Type,Files,Size,IMDB,Spoken Languages,Texted Languages,Tags,Quality (+),Quality (-),Uploaded,By,User Type,Seeders,Leechers,Info Hash,Picture,Capture Date
Change That Song Mr. DJ - Tim Timebomb and Friends.mp3,101,1,3.8 MiB (3989316 Bytes),,,,"""Tim TimeBomb"",""Tim Armstrong"",""Hellcat Records""",,,2013-01-16T14:39:59Z,LOUDMOUTH333,,3,0,D55F7A171BF2E1DFB359711B776F1EC3DA0739BD,,2013-06-03T12:34:39Z
