Filename,Size,Unit
Misc/04. Bohemian Rhapsody.mp3,14.46,M
Keane/Keane - 07 - She Has No Time.mp3,13.28,M
Misc/01-arcade_fire-the_suburbs.mp3,12.04,M
Red Hot Chili Peppers/Dosed.mp3,11.93,M
Coldplay/Coldplay - 04 - The Scientist.mp3,11.81,M
Coldplay/Coldplay - 03 - God Put A Smile Upon Your Face.mp3,11.36,M
Coldplay/Coldplay - 04 - Fix You.mp3,11.34,M
Misc/02 Black Eyed Peas - Meet Me Halfway.mp3,10.96,M
Coldplay/02  - Yellow.(Www.LokoTorrents.Com)^_^.mp3,10.84,M
Keane/Keane - 11 - Bedshaped.mp3,10.53,M
The Beatles/33 hey jude.mp3,10.37,M
Red Hot Chili Peppers/Otherside.mp3,9.77,M
Misc/05 - Kids.mp3,9.62,M
Misc/03 Take Me Out.m4a,9.46,M
Coldplay/01 Christmas Lights.mp3,9.39,M
Coldplay/Coldplay - 07 - Viva La Vida.mp3,9.29,M
Red Hot Chili Peppers/Snow ((Hey Oh)).mp3,9.15,M
Keane/Keane - 01 - Somewhere Only We Know.mp3,9.14,M
The XX/05 Reunion.mp3,9.12,M
Red Hot Chili Peppers/The Zephyr Song.mp3,8.91,M
Coldplay/Coldplay - 02 - In My Place.mp3,8.74,M
Misc/03 So Jealous.mp3,8.72,M
Misc/09 - Who'd Have Known.mp3,8.7,M
Coldplay/03 - Paradise.mp3,8.38,M
Keane/Keane - 05 - Everybody's Changing.mp3,8.34,M
Coldplay/07 - Every Teardrop Is a Waterfall.mp3,8.31,M
The XX/07 Missing.mp3,8.24,M
Keane/Keane - 02 - This Is The Last Time.mp3,8.06,M
Keane/05 - Perfect Symmetry.mp3,7.94,M
Misc/02 - The Fear.mp3,7.92,M
Misc/07 - Never Gonna Happen.mp3,7.87,M
Westlife/01 What About Now^_^.mp3,7.68,M
Keane/10 - Black Burning Heart.mp3,7.52,M
The XX/04 Try.mp3,7.51,M
Misc/02 Neopolitan Dreams.mp3,7.44,M
Keane/Keane - 04 - We Might As Well Be Strangers.mp3,7.42,M
Red Hot Chili Peppers/I Could Die For You.mp3,7.42,M
Misc/04 Coin Laundry.mp3,7.35,M
Keane/16 Crystal Ball.mp3,7.15,M
Misc/09 Rebellion (Lies).mp3,7.11,M
Red Hot Chili Peppers/Charlie.mp3,6.89,M
The XX/03 Fiction.mp3,6.82,M
The XX/01 Angels.mp3,6.61,M
Keane/01 - Spiralling.mp3,6.61,M
Misc/01 Neighborhood #1 (Tunnels).mp3,6.59,M
Red Hot Chili Peppers/Death Of A Martian.mp3,6.52,M
Westlife/02  Westlife - Total Eclipse Of The Heart.mp3,6.5,M
Keane/03 Your Love.mp3,6.36,M
Misc/Every thing i do it for u.mp3,6.2,M
Red Hot Chili Peppers/Tell Me Baby.mp3,6.07,M
Keane/14 Stop For A Minute (feat K'naan).mp3,5.91,M
Keane/07 - Again & Again.mp3,5.8,M
Keane/09 - Pretend That You're Alone.mp3,5.76,M
Red Hot Chili Peppers/So Much I.mp3,5.71,M
Keane/15 Is It Any Wonder-.mp3,5.7,M
Misc/02 - Complicated^_^.mp3,5.63,M
Keane/04 - You Haven't Told Me Anything.mp3,5.55,M
Keane/12 Looking Back (feat K'naan).mp3,5.52,M
Westlife/115-westlife-you_raise_me_up^_^.mp3,5.26,M
Westlife/01  Westlife - The Rose.mp3,5.12,M
Coldplay/02 - shiver.mp3,4.62,M
Red Hot Chili Peppers/We Believe.mp3,4.59,M
The Beatles/12 yellow subarine.mp3,3.85,M
Misc/Show Me The Meaning.mp3,3.81,M
Misc/Blue - Breath easy.mp3,3.39,M
Misc/I'm With You.mp3,3.31,M
The Beatles/09 and i love her.mp3,3.24,M
The Beatles/03 help!.mp3,2.88,M
The Beatles/26 yesterday.mp3,2.69,M
Misc/back some day^_^.mp3,2.31,M
The Beatles/19 love me do.mp3,1.95,M
The Beatles/21 p.s i love you.mp3,1.82,M
The XX/The Xx - Coexist.png,250.42,K
Coldplay/Coldplay - The Singles.jpg,118.95,K
Coldplay/Coldplay - A Rush Of Blood To The Head.jpg,13.28,K
The Beatles/33 hey jude.lrc,4.19,K
Misc/04. Bohemian Rhapsody.lrc,3.47,K
Keane/14 Stop For A Minute (feat K'naan).lrc,2.74,K
Red Hot Chili Peppers/Death Of A Martian.lrc,2.41,K
Westlife/02  Westlife - Total Eclipse Of The Heart.lrc,2.3,K
Misc/Every thing i do it for u.lrc,2.3,K
The Beatles/12 yellow subarine.lrc,2.27,K
Misc/02 - Complicated^_^.lrc,2.18,K
Coldplay/03 - Paradise.lrc,2.16,K
Misc/02 Black Eyed Peas - Meet Me Halfway.lrc,2.1,K
Keane/05 - Perfect Symmetry.lrc,2.08,K
Keane/04 - You Haven't Told Me Anything.lrc,2.01,K
Red Hot Chili Peppers/Snow ((Hey Oh)).lrc,1.99,K
Coldplay/Coldplay - 03 - God Put A Smile Upon Your Face.lrc,1.98,K
Misc/01-arcade_fire-the_suburbs.lrc,1.97,K
Misc/09 - Who'd Have Known.lrc,1.96,K
Keane/01 - Spiralling.lrc,1.93,K
Misc/04 Coin Laundry.lrc,1.91,K
Keane/09 - Pretend That You're Alone.lrc,1.9,K
Misc/back some day^_^.lrc,1.85,K
Misc/02 - The Fear.lrc,1.73,K
Keane/03 Your Love.lrc,1.72,K
Misc/07 - Never Gonna Happen.lrc,1.69,K
Red Hot Chili Peppers/Charlie.lrc,1.65,K
Westlife/01 What About Now^_^.lrc,1.63,K
Coldplay/Coldplay - 07 - Viva La Vida.lrc,1.62,K
Keane/10 - Black Burning Heart.lrc,1.6,K
Keane/Keane - 11 - Bedshaped.lrc,1.59,K
Keane/07 - Again & Again.lrc,1.56,K
Keane/16 Crystal Ball.lrc,1.56,K
Misc/Blue - Breath easy.txt,1.53,K
Red Hot Chili Peppers/I Could Die For You.lrc,1.53,K
Misc/Show Me The Meaning.lrc,1.44,K
The Beatles/03 help!.lrc,1.42,K
Keane/15 Is It Any Wonder-.lrc,1.42,K
The XX/01 Angels.lrc,1.41,K
Coldplay/Coldplay - 04 - The Scientist.lrc,1.38,K
Keane/Keane - 02 - This Is The Last Time.lrc,1.37,K
Misc/09 Rebellion (Lies).lrc,1.36,K
Red Hot Chili Peppers/Otherside.lrc,1.34,K
The XX/05 Reunion.lrc,1.32,K
Westlife/01  Westlife - The Rose.lrc,1.26,K
Misc/I'm With You.lrc,1.26,K
Misc/03 Take Me Out.lrc,1.25,K
The Beatles/26 yesterday.lrc,1.24,K
The XX/07 Missing.lrc,1.21,K
Misc/02 Neopolitan Dreams.lrc,1.21,K
Keane/12 Looking Back (feat K'naan).lrc,1.2,K
Keane/Keane - 05 - Everybody's Changing.lrc,1.19,K
Keane/Keane - 01 - Somewhere Only We Know.lrc,1.18,K
Red Hot Chili Peppers/So Much I.lrc,1.17,K
Misc/05 - Kids.lrc,1.14,K
The Beatles/09 and i love her.lrc,1.14,K
Red Hot Chili Peppers/Dosed.lrc,1.12,K
Coldplay/02  - Yellow.(Www.LokoTorrents.Com)^_^.lrc,1.1,K
Misc/01 Neighborhood #1 (Tunnels).lrc,1.08,K
The XX/03 Fiction.lrc,1.08,K
Coldplay/Coldplay - 02 - In My Place.lrc,1.08,K
Coldplay/Coldplay - 04 - Fix You.lrc,1.05,K
Misc/03 So Jealous.txt,1010,B
The XX/04 Try.lrc,958,B
Keane/Keane - 07 - She Has No Time.lrc,955,B
Keane/Keane - 04 - We Might As Well Be Strangers.lrc,862,B
Westlife/115-westlife-you_raise_me_up^_^.lrc,745,B
The Beatles/21 p.s i love you.lrc,698,B
The Beatles/19 love me do.lrc,539,B
