Title,Type,Files,Size,IMDB,Spoken Languages,Texted Languages,Tags,Quality (+),Quality (-),Uploaded,By,User Type,Seeders,Leechers,Info Hash,Picture,Capture Date
CumFortune.Anita.Kis.1st.Scene.XXx,505,1,1.34 GiB (1441527113 Bytes),,,,,,,2013-04-16T15:56:21Z,handsome_hulk1253,,0,1,811B4EEAC235B9531E67956ECF53CEEE0602FC59,,2013-06-10T12:33:21Z
