Filename,Size,Unit
the walking dead completo dublado.rar,10.77,G
