Title,Type,Files,Size,IMDB,Spoken Languages,Texted Languages,Tags,Quality (+),Quality (-),Uploaded,By,User Type,Seeders,Leechers,Info Hash,Picture,Capture Date
Pantyhosed4U.13.01.21.Amy.Anderson.Sweet.Pantyhose.Treat.XXX.720,506,2,419.61 MiB (439993149 Bytes),,,,"""Solo"",""Mastrubation""",,,2013-02-05T00:14:14Z,R0thschild,[V],4,1,3B3A7FA6998A982B22A29B2A45A7A639EDA6B7DE,,2013-06-04T22:00:09Z
