Filename,Size,Unit
CSIW_Setup_15_Feb_2013.exe,16.37,M
