Title,Type,Files,Size,IMDB,Spoken Languages,Texted Languages,Tags,Quality (+),Quality (-),Uploaded,By,User Type,Seeders,Leechers,Info Hash,Picture,Capture Date
Through.the.Wormhole.S04E02.When.Does.Life.Begin.720p.HDTV.x264-,208,5,1.01 GiB (1086112052 Bytes),,,,,,,2013-06-06T10:06:37Z,TvTeam,[V],22,6,4593CBAF936A01950C48523ECCB3B763DE7CFCA1,,2013-06-15T22:12:34Z
