Filename,Size,Unit
Torrent downloaded from PublicHash.com.nfo,151,B
carly-lauren-vivid-affair-nude.mp4,222.96,M
