Title,Type,Files,Size,IMDB,Spoken Languages,Texted Languages,Tags,Quality (+),Quality (-),Uploaded,By,User Type,Seeders,Leechers,Info Hash,Picture,Capture Date
Naughty Office - Jessa Rhodes,505,1,593.39 MiB (622218187 Bytes),,,,"""All Sex"",""Oral""",,,2013-03-02T21:43:35Z,R0thschild,[V],0,1,FC906712E2D2F8155345D3CBC73CCCB979567D17,,2013-06-06T22:40:32Z
