Title,Type,Files,Size,IMDB,Spoken Languages,Texted Languages,Tags,Quality (+),Quality (-),Uploaded,By,User Type,Seeders,Leechers,Info Hash,Picture,Capture Date
[ShesGonnaSquirt] Zoey Monroe (I Can Not Stop Squirting / 04.11.,501,1,295.38 MiB (309723589 Bytes),,,,,,,2013-04-11T06:09:38Z,chkm8te,[V],31,12,141E39EB2F3E1740CBCEFECBCF907A0F84B9BCE0,,2013-06-10T05:16:52Z
