Title,Type,Files,Size,IMDB,Spoken Languages,Texted Languages,Tags,Quality (+),Quality (-),Uploaded,By,User Type,Seeders,Leechers,Info Hash,Picture,Capture Date
Perrys.DPs.5.XXX.DVDRiP.x264-PORNOLATiON,501,1,1.52 GiB (1627672850 Bytes),,,,,,,2013-04-02T03:43:59Z,chkm8te,[V],9,1,C37E6F25C678DB345FE4389131C5F62B93412F2A,,2013-06-09T12:02:07Z
