Filename,Size,Unit
BBC.Jeremy.Clarkson.War.Stories.DVD.Extra.Making.of.The.Greatest.Raid.Of.All.DVDrip.x264.AC3.MVGroup.org.mp4,336.49,M
