Title,Type,Files,Size,IMDB,Spoken Languages,Texted Languages,Tags,Quality (+),Quality (-),Uploaded,By,User Type,Seeders,Leechers,Info Hash,Picture,Capture Date
Shemale_This couple looks for experiments with a Tgirl,506,127,475.14 MiB (498220863 Bytes),,,,"""Shemale_This couple looks for""",,,2013-05-19T08:16:23Z,NETBOX68,,9,1,810F54AC44D8713B30FA50A0DD5AC257592AADB5,,2013-06-14T03:32:44Z
