Filename,Size,Unit
121995 - Infinity Gallery 908 young and hairy/inf001STE_121995001.jpg,230.27,K
121995 - Infinity Gallery 908 young and hairy/inf001STE_121995002.jpg,209.05,K
121995 - Infinity Gallery 908 young and hairy/inf001STE_121995003.jpg,186.43,K
121995 - Infinity Gallery 908 young and hairy/inf001STE_121995004.jpg,179.98,K
121995 - Infinity Gallery 908 young and hairy/inf001STE_121995005.jpg,189.23,K
121995 - Infinity Gallery 908 young and hairy/inf001STE_121995006.jpg,178.63,K
121995 - Infinity Gallery 908 young and hairy/inf001STE_121995007.jpg,169.19,K
121995 - Infinity Gallery 908 young and hairy/inf001STE_121995008.jpg,175.08,K
121995 - Infinity Gallery 908 young and hairy/inf001STE_121995009.jpg,156.91,K
121995 - Infinity Gallery 908 young and hairy/inf001STE_121995010.jpg,191.27,K
121995 - Infinity Gallery 908 young and hairy/inf001STE_121995011.jpg,173.47,K
121995 - Infinity Gallery 908 young and hairy/inf001STE_121995012.jpg,181.59,K
121995 - Infinity Gallery 908 young and hairy/inf001STE_121995013.jpg,185.97,K
121995 - Infinity Gallery 908 young and hairy/inf001STE_121995014.jpg,201.26,K
121995 - Infinity Gallery 908 young and hairy/inf001STE_121995015.jpg,197.09,K
121995 - Infinity Gallery 908 young and hairy/inf001STE_121995016.jpg,193.59,K
121995 - Infinity Gallery 908 young and hairy/inf001STE_121995017.jpg,179.01,K
121995 - Infinity Gallery 908 young and hairy/inf001STE_121995018.jpg,173.94,K
121995 - Infinity Gallery 908 young and hairy/inf001STE_121995019.jpg,174.31,K
121995 - Infinity Gallery 908 young and hairy/inf001STE_121995020.jpg,176.24,K
121995 - Infinity Gallery 908 young and hairy/inf001STE_121995021.jpg,192.4,K
121995 - Infinity Gallery 908 young and hairy/inf001STE_121995022.jpg,169.64,K
121995 - Infinity Gallery 908 young and hairy/inf001STE_121995023.jpg,186.21,K
121995 - Infinity Gallery 908 young and hairy/inf001STE_121995024.jpg,186.67,K
121995 - Infinity Gallery 908 young and hairy/inf001STE_121995025.jpg,191.65,K
121995 - Infinity Gallery 908 young and hairy/inf001STE_121995026.jpg,200.48,K
121995 - Infinity Gallery 908 young and hairy/inf001STE_121995027.jpg,212.35,K
121995 - Infinity Gallery 908 young and hairy/inf001STE_121995028.jpg,191.33,K
121995 - Infinity Gallery 908 young and hairy/inf001STE_121995029.jpg,203.25,K
121995 - Infinity Gallery 908 young and hairy/inf001STE_121995030.jpg,202.82,K
121995 - Infinity Gallery 908 young and hairy/inf001STE_121995031.jpg,189.68,K
121995 - Infinity Gallery 908 young and hairy/inf001STE_121995032.jpg,181.13,K
121995 - Infinity Gallery 908 young and hairy/inf001STE_121995033.jpg,165.92,K
121995 - Infinity Gallery 908 young and hairy/inf001STE_121995034.jpg,186.72,K
121995 - Infinity Gallery 908 young and hairy/inf001STE_121995035.jpg,138.73,K
121995 - Infinity Gallery 908 young and hairy/inf001STE_121995036.jpg,205.5,K
121995 - Infinity Gallery 908 young and hairy/inf001STE_121995037.jpg,191.52,K
121995 - Infinity Gallery 908 young and hairy/inf001STE_121995038.jpg,171.78,K
121995 - Infinity Gallery 908 young and hairy/inf001STE_121995039.jpg,183.36,K
121995 - Infinity Gallery 908 young and hairy/inf001STE_121995040.jpg,196.32,K
121995 - Infinity Gallery 908 young and hairy/inf001STE_121995041.jpg,188.79,K
121995 - Infinity Gallery 908 young and hairy/inf001STE_121995042.jpg,169.99,K
121995 - Infinity Gallery 908 young and hairy/inf001STE_121995043.jpg,144.81,K
121995 - Infinity Gallery 908 young and hairy/inf001STE_121995044.jpg,165.66,K
121995 - Infinity Gallery 908 young and hairy/inf001STE_121995045.jpg,164.07,K
121995 - Infinity Gallery 908 young and hairy/inf001STE_121995046.jpg,158.75,K
121995 - Infinity Gallery 908 young and hairy/inf001STE_121995047.jpg,162.83,K
121995 - Infinity Gallery 908 young and hairy/inf001STE_121995048.jpg,143.45,K
121995 - Infinity Gallery 908 young and hairy/inf001STE_121995049.jpg,197.87,K
121995 - Infinity Gallery 908 young and hairy/inf001STE_121995050.jpg,190.55,K
121995 - Infinity Gallery 908 young and hairy/inf001STE_121995051.jpg,187.96,K
121995 - Infinity Gallery 908 young and hairy/inf001STE_121995052.jpg,152.44,K
121995 - Infinity Gallery 908 young and hairy/inf001STE_121995053.jpg,148.83,K
121995 - Infinity Gallery 908 young and hairy/inf001STE_121995054.jpg,171.22,K
121995 - Infinity Gallery 908 young and hairy/inf001STE_121995055.jpg,168.69,K
121995 - Infinity Gallery 908 young and hairy/inf001STE_121995056.jpg,162.38,K
121995 - Infinity Gallery 908 young and hairy/inf001STE_121995057.jpg,169.47,K
121995 - Infinity Gallery 908 young and hairy/inf001STE_121995058.jpg,151.75,K
121995 - Infinity Gallery 908 young and hairy/inf001STE_121995059.jpg,160.67,K
121995 - Infinity Gallery 908 young and hairy/inf001STE_121995060.jpg,150.18,K
121995 - Infinity Gallery 908 young and hairy/inf001STE_121995061.jpg,138.43,K
121995 - Infinity Gallery 908 young and hairy/inf001STE_121995062.jpg,121,K
121995 - Infinity Gallery 908 young and hairy/inf001STE_121995063.jpg,147.69,K
121995 - Infinity Gallery 908 young and hairy/inf001STE_121995064.jpg,158.91,K
121995 - Infinity Gallery 908 young and hairy/inf001STE_121995065.jpg,156.71,K
121995 - Infinity Gallery 908 young and hairy/inf001STE_121995066.jpg,142.03,K
121995 - Infinity Gallery 908 young and hairy/inf001STE_121995067.jpg,152.28,K
121995 - Infinity Gallery 908 young and hairy/inf001STE_121995068.jpg,174.14,K
121995 - Infinity Gallery 908 young and hairy/inf001STE_121995069.jpg,201.28,K
121995 - Infinity Gallery 908 young and hairy/inf001STE_121995070.jpg,134.89,K
122147 - Infinity Gallery 229 hairy fun/inf001STE_122147001.jpg,214.09,K
122147 - Infinity Gallery 229 hairy fun/inf001STE_122147002.jpg,205.84,K
122147 - Infinity Gallery 229 hairy fun/inf001STE_122147003.jpg,216.79,K
122147 - Infinity Gallery 229 hairy fun/inf001STE_122147004.jpg,216.38,K
122147 - Infinity Gallery 229 hairy fun/inf001STE_122147005.jpg,247.12,K
122147 - Infinity Gallery 229 hairy fun/inf001STE_122147006.jpg,229.51,K
122147 - Infinity Gallery 229 hairy fun/inf001STE_122147007.jpg,243.46,K
122147 - Infinity Gallery 229 hairy fun/inf001STE_122147008.jpg,239.94,K
122147 - Infinity Gallery 229 hairy fun/inf001STE_122147009.jpg,235.74,K
122147 - Infinity Gallery 229 hairy fun/inf001STE_122147010.jpg,219.13,K
122147 - Infinity Gallery 229 hairy fun/inf001STE_122147011.jpg,230.01,K
122147 - Infinity Gallery 229 hairy fun/inf001STE_122147012.jpg,227.49,K
122147 - Infinity Gallery 229 hairy fun/inf001STE_122147013.jpg,206.58,K
122147 - Infinity Gallery 229 hairy fun/inf001STE_122147014.jpg,213.26,K
122147 - Infinity Gallery 229 hairy fun/inf001STE_122147015.jpg,201.63,K
122147 - Infinity Gallery 229 hairy fun/inf001STE_122147016.jpg,209.99,K
122147 - Infinity Gallery 229 hairy fun/inf001STE_122147017.jpg,204.67,K
122147 - Infinity Gallery 229 hairy fun/inf001STE_122147018.jpg,197.34,K
122147 - Infinity Gallery 229 hairy fun/inf001STE_122147019.jpg,227.91,K
122147 - Infinity Gallery 229 hairy fun/inf001STE_122147020.jpg,242.76,K
122147 - Infinity Gallery 229 hairy fun/inf001STE_122147021.jpg,207.75,K
122147 - Infinity Gallery 229 hairy fun/inf001STE_122147022.jpg,228.23,K
122147 - Infinity Gallery 229 hairy fun/inf001STE_122147023.jpg,212.65,K
122147 - Infinity Gallery 229 hairy fun/inf001STE_122147024.jpg,208,K
122147 - Infinity Gallery 229 hairy fun/inf001STE_122147025.jpg,221.34,K
122147 - Infinity Gallery 229 hairy fun/inf001STE_122147026.jpg,229.35,K
122147 - Infinity Gallery 229 hairy fun/inf001STE_122147027.jpg,221.37,K
122147 - Infinity Gallery 229 hairy fun/inf001STE_122147028.jpg,244.96,K
122147 - Infinity Gallery 229 hairy fun/inf001STE_122147029.jpg,264.11,K
122147 - Infinity Gallery 229 hairy fun/inf001STE_122147030.jpg,205.06,K
122147 - Infinity Gallery 229 hairy fun/inf001STE_122147031.jpg,226.56,K
122147 - Infinity Gallery 229 hairy fun/inf001STE_122147032.jpg,201.78,K
122147 - Infinity Gallery 229 hairy fun/inf001STE_122147033.jpg,222.24,K
122147 - Infinity Gallery 229 hairy fun/inf001STE_122147034.jpg,178.35,K
122147 - Infinity Gallery 229 hairy fun/inf001STE_122147035.jpg,219.88,K
122147 - Infinity Gallery 229 hairy fun/inf001STE_122147036.jpg,202.52,K
122147 - Infinity Gallery 229 hairy fun/inf001STE_122147037.jpg,196.95,K
122147 - Infinity Gallery 229 hairy fun/inf001STE_122147038.jpg,212,K
122147 - Infinity Gallery 229 hairy fun/inf001STE_122147039.jpg,244.04,K
122147 - Infinity Gallery 229 hairy fun/inf001STE_122147040.jpg,234.29,K
122147 - Infinity Gallery 229 hairy fun/inf001STE_122147041.jpg,234.92,K
122147 - Infinity Gallery 229 hairy fun/inf001STE_122147042.jpg,262.7,K
122147 - Infinity Gallery 229 hairy fun/inf001STE_122147043.jpg,268.69,K
122147 - Infinity Gallery 229 hairy fun/inf001STE_122147044.jpg,210.8,K
122147 - Infinity Gallery 229 hairy fun/inf001STE_122147045.jpg,217.54,K
122147 - Infinity Gallery 229 hairy fun/inf001STE_122147046.jpg,235.61,K
122147 - Infinity Gallery 229 hairy fun/inf001STE_122147047.jpg,221.48,K
122147 - Infinity Gallery 229 hairy fun/inf001STE_122147048.jpg,251.37,K
122147 - Infinity Gallery 229 hairy fun/inf001STE_122147049.jpg,234.76,K
122147 - Infinity Gallery 229 hairy fun/inf001STE_122147050.jpg,236.43,K
122147 - Infinity Gallery 229 hairy fun/inf001STE_122147051.jpg,199.96,K
122147 - Infinity Gallery 229 hairy fun/inf001STE_122147052.jpg,207.43,K
122147 - Infinity Gallery 229 hairy fun/inf001STE_122147053.jpg,235.06,K
122147 - Infinity Gallery 229 hairy fun/inf001STE_122147054.jpg,205.44,K
122147 - Infinity Gallery 229 hairy fun/inf001STE_122147055.jpg,220.42,K
122147 - Infinity Gallery 229 hairy fun/inf001STE_122147056.jpg,229.97,K
122147 - Infinity Gallery 229 hairy fun/inf001STE_122147057.jpg,205.8,K
122147 - Infinity Gallery 229 hairy fun/inf001STE_122147058.jpg,194.9,K
122147 - Infinity Gallery 229 hairy fun/inf001STE_122147059.jpg,202.68,K
122147 - Infinity Gallery 229 hairy fun/inf001STE_122147060.jpg,205.53,K
122147 - Infinity Gallery 229 hairy fun/inf001STE_122147061.jpg,202.22,K
122147 - Infinity Gallery 229 hairy fun/inf001STE_122147062.jpg,205.85,K
122147 - Infinity Gallery 229 hairy fun/inf001STE_122147063.jpg,211.55,K
122147 - Infinity Gallery 229 hairy fun/inf001STE_122147064.jpg,214.17,K
122147 - Infinity Gallery 229 hairy fun/inf001STE_122147065.jpg,212.81,K
122147 - Infinity Gallery 229 hairy fun/inf001STE_122147066.jpg,183.13,K
122147 - Infinity Gallery 229 hairy fun/inf001STE_122147067.jpg,197.35,K
122147 - Infinity Gallery 229 hairy fun/inf001STE_122147068.jpg,189.85,K
122147 - Infinity Gallery 229 hairy fun/inf001STE_122147069.jpg,193.14,K
122147 - Infinity Gallery 229 hairy fun/inf001STE_122147070.jpg,194.85,K
122147 - Infinity Gallery 229 hairy fun/inf001STE_122147071.jpg,196.15,K
122147 - Infinity Gallery 229 hairy fun/inf001STE_122147072.jpg,193.21,K
122147 - Infinity Gallery 229 hairy fun/inf001STE_122147073.jpg,195.46,K
122147 - Infinity Gallery 229 hairy fun/inf001STE_122147074.jpg,189.16,K
122147 - Infinity Gallery 229 hairy fun/inf001STE_122147075.jpg,202.91,K
122147 - Infinity Gallery 229 hairy fun/inf001STE_122147076.jpg,187.73,K
122147 - Infinity Gallery 229 hairy fun/inf001STE_122147077.jpg,211.17,K
122147 - Infinity Gallery 229 hairy fun/inf001STE_122147078.jpg,187.67,K
122147 - Infinity Gallery 229 hairy fun/inf001STE_122147079.jpg,170.56,K
122147 - Infinity Gallery 229 hairy fun/inf001STE_122147080.jpg,177.33,K
122147 - Infinity Gallery 229 hairy fun/inf001STE_122147081.jpg,234.42,K
122147 - Infinity Gallery 229 hairy fun/inf001STE_122147082.jpg,180.31,K
122837 - Infinity Gallery 911 young and hairy/inf001STE_122837001.jpg,229.98,K
122837 - Infinity Gallery 911 young and hairy/inf001STE_122837002.jpg,210.78,K
122837 - Infinity Gallery 911 young and hairy/inf001STE_122837003.jpg,261.28,K
122837 - Infinity Gallery 911 young and hairy/inf001STE_122837004.jpg,282.84,K
122837 - Infinity Gallery 911 young and hairy/inf001STE_122837005.jpg,279.58,K
122837 - Infinity Gallery 911 young and hairy/inf001STE_122837006.jpg,241.28,K
122837 - Infinity Gallery 911 young and hairy/inf001STE_122837007.jpg,207.39,K
122837 - Infinity Gallery 911 young and hairy/inf001STE_122837008.jpg,187.25,K
122837 - Infinity Gallery 911 young and hairy/inf001STE_122837009.jpg,226.86,K
122837 - Infinity Gallery 911 young and hairy/inf001STE_122837010.jpg,233.03,K
122837 - Infinity Gallery 911 young and hairy/inf001STE_122837011.jpg,247.5,K
122837 - Infinity Gallery 911 young and hairy/inf001STE_122837012.jpg,207.55,K
122837 - Infinity Gallery 911 young and hairy/inf001STE_122837013.jpg,249.27,K
122837 - Infinity Gallery 911 young and hairy/inf001STE_122837014.jpg,200.43,K
122837 - Infinity Gallery 911 young and hairy/inf001STE_122837015.jpg,209.92,K
122837 - Infinity Gallery 911 young and hairy/inf001STE_122837016.jpg,190.57,K
122837 - Infinity Gallery 911 young and hairy/inf001STE_122837017.jpg,202.71,K
122837 - Infinity Gallery 911 young and hairy/inf001STE_122837018.jpg,205.75,K
122837 - Infinity Gallery 911 young and hairy/inf001STE_122837019.jpg,244.09,K
122837 - Infinity Gallery 911 young and hairy/inf001STE_122837020.jpg,214.96,K
122837 - Infinity Gallery 911 young and hairy/inf001STE_122837021.jpg,208.08,K
122837 - Infinity Gallery 911 young and hairy/inf001STE_122837022.jpg,164.47,K
122837 - Infinity Gallery 911 young and hairy/inf001STE_122837023.jpg,259.92,K
122837 - Infinity Gallery 911 young and hairy/inf001STE_122837024.jpg,210.22,K
122837 - Infinity Gallery 911 young and hairy/inf001STE_122837025.jpg,263.58,K
122837 - Infinity Gallery 911 young and hairy/inf001STE_122837026.jpg,259.33,K
122837 - Infinity Gallery 911 young and hairy/inf001STE_122837027.jpg,259.06,K
122837 - Infinity Gallery 911 young and hairy/inf001STE_122837028.jpg,263.9,K
122837 - Infinity Gallery 911 young and hairy/inf001STE_122837029.jpg,198.64,K
122837 - Infinity Gallery 911 young and hairy/inf001STE_122837030.jpg,245.21,K
122837 - Infinity Gallery 911 young and hairy/inf001STE_122837031.jpg,256.85,K
122837 - Infinity Gallery 911 young and hairy/inf001STE_122837032.jpg,203.81,K
122837 - Infinity Gallery 911 young and hairy/inf001STE_122837033.jpg,272.28,K
122837 - Infinity Gallery 911 young and hairy/inf001STE_122837034.jpg,214.04,K
122837 - Infinity Gallery 911 young and hairy/inf001STE_122837035.jpg,274.3,K
122837 - Infinity Gallery 911 young and hairy/inf001STE_122837036.jpg,251.6,K
122837 - Infinity Gallery 911 young and hairy/inf001STE_122837037.jpg,241.49,K
122837 - Infinity Gallery 911 young and hairy/inf001STE_122837038.jpg,185.48,K
122837 - Infinity Gallery 911 young and hairy/inf001STE_122837039.jpg,163.93,K
122837 - Infinity Gallery 911 young and hairy/inf001STE_122837040.jpg,205.07,K
122837 - Infinity Gallery 911 young and hairy/inf001STE_122837041.jpg,259.42,K
122837 - Infinity Gallery 911 young and hairy/inf001STE_122837042.jpg,227.2,K
122837 - Infinity Gallery 911 young and hairy/inf001STE_122837043.jpg,204.98,K
122837 - Infinity Gallery 911 young and hairy/inf001STE_122837044.jpg,178.44,K
122837 - Infinity Gallery 911 young and hairy/inf001STE_122837045.jpg,186.42,K
122837 - Infinity Gallery 911 young and hairy/inf001STE_122837046.jpg,186.74,K
122837 - Infinity Gallery 911 young and hairy/inf001STE_122837047.jpg,202.09,K
122837 - Infinity Gallery 911 young and hairy/inf001STE_122837048.jpg,239.56,K
122837 - Infinity Gallery 911 young and hairy/inf001STE_122837049.jpg,235.43,K
122837 - Infinity Gallery 911 young and hairy/inf001STE_122837050.jpg,197.13,K
122837 - Infinity Gallery 911 young and hairy/inf001STE_122837051.jpg,170.08,K
122837 - Infinity Gallery 911 young and hairy/inf001STE_122837052.jpg,153.76,K
122837 - Infinity Gallery 911 young and hairy/inf001STE_122837053.jpg,146.49,K
122837 - Infinity Gallery 911 young and hairy/inf001STE_122837054.jpg,224.34,K
122837 - Infinity Gallery 911 young and hairy/inf001STE_122837055.jpg,269.75,K
122837 - Infinity Gallery 911 young and hairy/inf001STE_122837056.jpg,234.07,K
122837 - Infinity Gallery 911 young and hairy/inf001STE_122837057.jpg,198.4,K
122837 - Infinity Gallery 911 young and hairy/inf001STE_122837058.jpg,198.61,K
122837 - Infinity Gallery 911 young and hairy/inf001STE_122837059.jpg,194.86,K
122837 - Infinity Gallery 911 young and hairy/inf001STE_122837060.jpg,217.19,K
122837 - Infinity Gallery 911 young and hairy/inf001STE_122837061.jpg,181.99,K
122837 - Infinity Gallery 911 young and hairy/inf001STE_122837062.jpg,128.88,K
122837 - Infinity Gallery 911 young and hairy/inf001STE_122837063.jpg,186.92,K
122837 - Infinity Gallery 911 young and hairy/inf001STE_122837064.jpg,167.71,K
122837 - Infinity Gallery 911 young and hairy/inf001STE_122837065.jpg,174.27,K
122837 - Infinity Gallery 911 young and hairy/inf001STE_122837066.jpg,189.87,K
122837 - Infinity Gallery 911 young and hairy/inf001STE_122837067.jpg,192.82,K
122837 - Infinity Gallery 911 young and hairy/inf001STE_122837068.jpg,195.07,K
122837 - Infinity Gallery 911 young and hairy/inf001STE_122837069.jpg,204.81,K
122837 - Infinity Gallery 911 young and hairy/inf001STE_122837070.jpg,207.06,K
122837 - Infinity Gallery 911 young and hairy/inf001STE_122837071.jpg,210.63,K
122837 - Infinity Gallery 911 young and hairy/inf001STE_122837072.jpg,216.29,K
122837 - Infinity Gallery 911 young and hairy/inf001STE_122837073.jpg,210.64,K
122837 - Infinity Gallery 911 young and hairy/inf001STE_122837074.jpg,162.51,K
122837 - Infinity Gallery 911 young and hairy/inf001STE_122837075.jpg,165.04,K
122837 - Infinity Gallery 911 young and hairy/inf001STE_122837076.jpg,171.4,K
122837 - Infinity Gallery 911 young and hairy/inf001STE_122837077.jpg,193.82,K
123123 - Infinity Gallery 912 young and hairy/inf001STE_123123001.jpg,233.32,K
123123 - Infinity Gallery 912 young and hairy/inf001STE_123123002.jpg,237.79,K
123123 - Infinity Gallery 912 young and hairy/inf001STE_123123003.jpg,234.16,K
123123 - Infinity Gallery 912 young and hairy/inf001STE_123123004.jpg,207.22,K
123123 - Infinity Gallery 912 young and hairy/inf001STE_123123005.jpg,246.65,K
123123 - Infinity Gallery 912 young and hairy/inf001STE_123123006.jpg,274.25,K
123123 - Infinity Gallery 912 young and hairy/inf001STE_123123007.jpg,232.6,K
123123 - Infinity Gallery 912 young and hairy/inf001STE_123123008.jpg,225.02,K
123123 - Infinity Gallery 912 young and hairy/inf001STE_123123009.jpg,221.13,K
123123 - Infinity Gallery 912 young and hairy/inf001STE_123123010.jpg,221.09,K
123123 - Infinity Gallery 912 young and hairy/inf001STE_123123011.jpg,163.31,K
123123 - Infinity Gallery 912 young and hairy/inf001STE_123123012.jpg,179.97,K
123123 - Infinity Gallery 912 young and hairy/inf001STE_123123013.jpg,225.4,K
123123 - Infinity Gallery 912 young and hairy/inf001STE_123123014.jpg,215.6,K
123123 - Infinity Gallery 912 young and hairy/inf001STE_123123015.jpg,212.31,K
123123 - Infinity Gallery 912 young and hairy/inf001STE_123123016.jpg,212.77,K
123123 - Infinity Gallery 912 young and hairy/inf001STE_123123017.jpg,217.45,K
123123 - Infinity Gallery 912 young and hairy/inf001STE_123123018.jpg,200.18,K
123123 - Infinity Gallery 912 young and hairy/inf001STE_123123019.jpg,201.4,K
123123 - Infinity Gallery 912 young and hairy/inf001STE_123123020.jpg,213.99,K
123123 - Infinity Gallery 912 young and hairy/inf001STE_123123021.jpg,214.87,K
123123 - Infinity Gallery 912 young and hairy/inf001STE_123123022.jpg,230.38,K
123123 - Infinity Gallery 912 young and hairy/inf001STE_123123023.jpg,210.7,K
123123 - Infinity Gallery 912 young and hairy/inf001STE_123123024.jpg,211.57,K
123123 - Infinity Gallery 912 young and hairy/inf001STE_123123025.jpg,226.87,K
123123 - Infinity Gallery 912 young and hairy/inf001STE_123123026.jpg,227.25,K
123123 - Infinity Gallery 912 young and hairy/inf001STE_123123027.jpg,209.02,K
123123 - Infinity Gallery 912 young and hairy/inf001STE_123123028.jpg,178.53,K
123123 - Infinity Gallery 912 young and hairy/inf001STE_123123029.jpg,226.47,K
123123 - Infinity Gallery 912 young and hairy/inf001STE_123123030.jpg,231.49,K
123123 - Infinity Gallery 912 young and hairy/inf001STE_123123031.jpg,207.35,K
123123 - Infinity Gallery 912 young and hairy/inf001STE_123123032.jpg,221.84,K
123123 - Infinity Gallery 912 young and hairy/inf001STE_123123033.jpg,196.75,K
123123 - Infinity Gallery 912 young and hairy/inf001STE_123123034.jpg,228.09,K
123123 - Infinity Gallery 912 young and hairy/inf001STE_123123035.jpg,200.86,K
123123 - Infinity Gallery 912 young and hairy/inf001STE_123123036.jpg,217.19,K
123123 - Infinity Gallery 912 young and hairy/inf001STE_123123037.jpg,228.45,K
123123 - Infinity Gallery 912 young and hairy/inf001STE_123123038.jpg,210.18,K
123123 - Infinity Gallery 912 young and hairy/inf001STE_123123039.jpg,231.04,K
123123 - Infinity Gallery 912 young and hairy/inf001STE_123123040.jpg,211.49,K
123123 - Infinity Gallery 912 young and hairy/inf001STE_123123041.jpg,225.43,K
123123 - Infinity Gallery 912 young and hairy/inf001STE_123123042.jpg,223.96,K
123123 - Infinity Gallery 912 young and hairy/inf001STE_123123043.jpg,229.99,K
123123 - Infinity Gallery 912 young and hairy/inf001STE_123123044.jpg,216.17,K
123123 - Infinity Gallery 912 young and hairy/inf001STE_123123045.jpg,216.42,K
123123 - Infinity Gallery 912 young and hairy/inf001STE_123123046.jpg,161.21,K
123123 - Infinity Gallery 912 young and hairy/inf001STE_123123047.jpg,173.51,K
123123 - Infinity Gallery 912 young and hairy/inf001STE_123123048.jpg,215.4,K
123123 - Infinity Gallery 912 young and hairy/inf001STE_123123049.jpg,201.24,K
123123 - Infinity Gallery 912 young and hairy/inf001STE_123123050.jpg,224,K
123123 - Infinity Gallery 912 young and hairy/inf001STE_123123051.jpg,224.89,K
123123 - Infinity Gallery 912 young and hairy/inf001STE_123123052.jpg,204.09,K
123123 - Infinity Gallery 912 young and hairy/inf001STE_123123053.jpg,205.7,K
123123 - Infinity Gallery 912 young and hairy/inf001STE_123123054.jpg,205.14,K
123123 - Infinity Gallery 912 young and hairy/inf001STE_123123055.jpg,188.69,K
123123 - Infinity Gallery 912 young and hairy/inf001STE_123123056.jpg,259.57,K
123123 - Infinity Gallery 912 young and hairy/inf001STE_123123057.jpg,219.06,K
123123 - Infinity Gallery 912 young and hairy/inf001STE_123123058.jpg,180.9,K
123123 - Infinity Gallery 912 young and hairy/inf001STE_123123059.jpg,164.77,K
123123 - Infinity Gallery 912 young and hairy/inf001STE_123123060.jpg,220.35,K
123123 - Infinity Gallery 912 young and hairy/inf001STE_123123061.jpg,226.33,K
123123 - Infinity Gallery 912 young and hairy/inf001STE_123123062.jpg,207.19,K
123123 - Infinity Gallery 912 young and hairy/inf001STE_123123063.jpg,233.71,K
123123 - Infinity Gallery 912 young and hairy/inf001STE_123123064.jpg,206.3,K
123123 - Infinity Gallery 912 young and hairy/inf001STE_123123065.jpg,194.3,K
123123 - Infinity Gallery 912 young and hairy/inf001STE_123123066.jpg,184.35,K
123123 - Infinity Gallery 912 young and hairy/inf001STE_123123067.jpg,183.66,K
123123 - Infinity Gallery 912 young and hairy/inf001STE_123123068.jpg,214.92,K
123123 - Infinity Gallery 912 young and hairy/inf001STE_123123069.jpg,224.07,K
123123 - Infinity Gallery 912 young and hairy/inf001STE_123123070.jpg,223.49,K
123123 - Infinity Gallery 912 young and hairy/inf001STE_123123071.jpg,232.71,K
123123 - Infinity Gallery 912 young and hairy/inf001STE_123123072.jpg,201.27,K
123123 - Infinity Gallery 912 young and hairy/inf001STE_123123073.jpg,222.73,K
123123 - Infinity Gallery 912 young and hairy/inf001STE_123123074.jpg,212.74,K
123123 - Infinity Gallery 912 young and hairy/inf001STE_123123075.jpg,190.56,K
123123 - Infinity Gallery 912 young and hairy/inf001STE_123123076.jpg,176.62,K
123123 - Infinity Gallery 912 young and hairy/inf001STE_123123077.jpg,175.85,K
123377 - Infinity Gallery 915 young and hairy/inf001STE_123377001.jpg,226.96,K
123377 - Infinity Gallery 915 young and hairy/inf001STE_123377002.jpg,235.11,K
123377 - Infinity Gallery 915 young and hairy/inf001STE_123377003.jpg,207.5,K
123377 - Infinity Gallery 915 young and hairy/inf001STE_123377004.jpg,176.49,K
123377 - Infinity Gallery 915 young and hairy/inf001STE_123377005.jpg,246.87,K
123377 - Infinity Gallery 915 young and hairy/inf001STE_123377006.jpg,257.56,K
123377 - Infinity Gallery 915 young and hairy/inf001STE_123377007.jpg,241.06,K
123377 - Infinity Gallery 915 young and hairy/inf001STE_123377008.jpg,197.71,K
123377 - Infinity Gallery 915 young and hairy/inf001STE_123377009.jpg,225.9,K
123377 - Infinity Gallery 915 young and hairy/inf001STE_123377010.jpg,214.06,K
123377 - Infinity Gallery 915 young and hairy/inf001STE_123377011.jpg,243.92,K
123377 - Infinity Gallery 915 young and hairy/inf001STE_123377012.jpg,230.96,K
123377 - Infinity Gallery 915 young and hairy/inf001STE_123377013.jpg,220.1,K
123377 - Infinity Gallery 915 young and hairy/inf001STE_123377014.jpg,178.29,K
123377 - Infinity Gallery 915 young and hairy/inf001STE_123377015.jpg,219.7,K
123377 - Infinity Gallery 915 young and hairy/inf001STE_123377016.jpg,196.22,K
123377 - Infinity Gallery 915 young and hairy/inf001STE_123377017.jpg,165.86,K
123377 - Infinity Gallery 915 young and hairy/inf001STE_123377018.jpg,190.28,K
123377 - Infinity Gallery 915 young and hairy/inf001STE_123377019.jpg,222.28,K
123377 - Infinity Gallery 915 young and hairy/inf001STE_123377020.jpg,222.84,K
123377 - Infinity Gallery 915 young and hairy/inf001STE_123377021.jpg,230.38,K
123377 - Infinity Gallery 915 young and hairy/inf001STE_123377022.jpg,207.37,K
123377 - Infinity Gallery 915 young and hairy/inf001STE_123377023.jpg,228,K
123377 - Infinity Gallery 915 young and hairy/inf001STE_123377024.jpg,159.33,K
123377 - Infinity Gallery 915 young and hairy/inf001STE_123377025.jpg,198.17,K
123377 - Infinity Gallery 915 young and hairy/inf001STE_123377026.jpg,209,K
123377 - Infinity Gallery 915 young and hairy/inf001STE_123377027.jpg,100.69,K
123377 - Infinity Gallery 915 young and hairy/inf001STE_123377028.jpg,192.1,K
123377 - Infinity Gallery 915 young and hairy/inf001STE_123377029.jpg,222.99,K
123377 - Infinity Gallery 915 young and hairy/inf001STE_123377030.jpg,188.23,K
123377 - Infinity Gallery 915 young and hairy/inf001STE_123377031.jpg,198.51,K
123377 - Infinity Gallery 915 young and hairy/inf001STE_123377032.jpg,190.81,K
123377 - Infinity Gallery 915 young and hairy/inf001STE_123377033.jpg,206,K
123377 - Infinity Gallery 915 young and hairy/inf001STE_123377034.jpg,221.12,K
123377 - Infinity Gallery 915 young and hairy/inf001STE_123377035.jpg,208.18,K
123377 - Infinity Gallery 915 young and hairy/inf001STE_123377036.jpg,151.23,K
123377 - Infinity Gallery 915 young and hairy/inf001STE_123377037.jpg,233.12,K
123377 - Infinity Gallery 915 young and hairy/inf001STE_123377038.jpg,207.62,K
123377 - Infinity Gallery 915 young and hairy/inf001STE_123377039.jpg,204.06,K
123377 - Infinity Gallery 915 young and hairy/inf001STE_123377040.jpg,238.57,K
123377 - Infinity Gallery 915 young and hairy/inf001STE_123377041.jpg,138.81,K
123377 - Infinity Gallery 915 young and hairy/inf001STE_123377042.jpg,146.29,K
123377 - Infinity Gallery 915 young and hairy/inf001STE_123377043.jpg,126.42,K
123377 - Infinity Gallery 915 young and hairy/inf001STE_123377044.jpg,240.46,K
123377 - Infinity Gallery 915 young and hairy/inf001STE_123377045.jpg,145.43,K
123377 - Infinity Gallery 915 young and hairy/inf001STE_123377046.jpg,240.72,K
123377 - Infinity Gallery 915 young and hairy/inf001STE_123377047.jpg,123.75,K
123377 - Infinity Gallery 915 young and hairy/inf001STE_123377048.jpg,138.38,K
123377 - Infinity Gallery 915 young and hairy/inf001STE_123377049.jpg,166.53,K
123377 - Infinity Gallery 915 young and hairy/inf001STE_123377050.jpg,202.56,K
123377 - Infinity Gallery 915 young and hairy/inf001STE_123377051.jpg,197.92,K
123377 - Infinity Gallery 915 young and hairy/inf001STE_123377052.jpg,157.48,K
123377 - Infinity Gallery 915 young and hairy/inf001STE_123377053.jpg,157.63,K
123377 - Infinity Gallery 915 young and hairy/inf001STE_123377054.jpg,145.36,K
123377 - Infinity Gallery 915 young and hairy/inf001STE_123377055.jpg,196.22,K
123377 - Infinity Gallery 915 young and hairy/inf001STE_123377056.jpg,91.45,K
123377 - Infinity Gallery 915 young and hairy/inf001STE_123377057.jpg,98.17,K
123377 - Infinity Gallery 915 young and hairy/inf001STE_123377058.jpg,114.12,K
123377 - Infinity Gallery 915 young and hairy/inf001STE_123377059.jpg,102.65,K
123377 - Infinity Gallery 915 young and hairy/inf001STE_123377060.jpg,177.48,K
123377 - Infinity Gallery 915 young and hairy/inf001STE_123377061.jpg,171.84,K
123377 - Infinity Gallery 915 young and hairy/inf001STE_123377062.jpg,170.26,K
123377 - Infinity Gallery 915 young and hairy/inf001STE_123377063.jpg,173.79,K
123377 - Infinity Gallery 915 young and hairy/inf001STE_123377064.jpg,99.47,K
123377 - Infinity Gallery 915 young and hairy/inf001STE_123377065.jpg,104.58,K
123377 - Infinity Gallery 915 young and hairy/inf001STE_123377066.jpg,116.15,K
123377 - Infinity Gallery 915 young and hairy/inf001STE_123377067.jpg,207.89,K
123377 - Infinity Gallery 915 young and hairy/inf001STE_123377068.jpg,176.51,K
123377 - Infinity Gallery 915 young and hairy/inf001STE_123377069.jpg,102.89,K
123377 - Infinity Gallery 915 young and hairy/inf001STE_123377070.jpg,175.19,K
123377 - Infinity Gallery 915 young and hairy/inf001STE_123377071.jpg,220.52,K
123377 - Infinity Gallery 915 young and hairy/inf001STE_123377072.jpg,205.72,K
123377 - Infinity Gallery 915 young and hairy/inf001STE_123377073.jpg,225.5,K
123377 - Infinity Gallery 915 young and hairy/inf001STE_123377074.jpg,176.32,K
123377 - Infinity Gallery 915 young and hairy/inf001STE_123377075.jpg,161.88,K
123377 - Infinity Gallery 915 young and hairy/inf001STE_123377076.jpg,176.42,K
123377 - Infinity Gallery 915 young and hairy/inf001STE_123377077.jpg,136.13,K
123377 - Infinity Gallery 915 young and hairy/inf001STE_123377078.jpg,100.01,K
123377 - Infinity Gallery 915 young and hairy/inf001STE_123377079.jpg,106.42,K
