Title,Type,Files,Size,IMDB,Spoken Languages,Texted Languages,Tags,Quality (+),Quality (-),Uploaded,By,User Type,Seeders,Leechers,Info Hash,Picture,Capture Date
Anna Jantar - Tonpress ‎– S-280 (1980) [FLAC] LP,104,6,55.9 MiB (58618728 Bytes),,,,,,,2013-04-07T21:08:10Z,Anonymous,,1,0,823A5F96564DE2458102F93CB3BFA72574ACDDF0,,2013-06-10T00:21:09Z
