User Type,Username,Date,Text
,ebud,2013-04-04T18:40Z,"Hi thx a lot!

Mr. or Miss UltraTorrents, i also got an other great d/l of yours, ""Rebelle aka War Witch"", and I wonder if you could upload an other great piece, a french canadian movie called ""Camion"" (made 2012, director Rafael Ouellet)? On suprbay, i posted a request months ago, but no one seemed to care.
It'd be awesome if you could! 
Thx very much for your work!!"
,fanikwstantina,2013-04-04T21:28Z,a/v??
,Happyviking,2013-04-06T03:57Z,"Text med hela tiden i underkant.
Det finns bättre cam än detta."
