Filename,Size,Unit
KARADASYI EP 12 GREEK SUBS.mkv,912.2,M
