Filename,Size,Unit
A.Origem.dos.Guardioes.Leg.omelhordatelona.biz.rmvb,419.47,M
