Filename,Size,Unit
Raising.Hope.S03E11.HDTV.Subtitulado.Esp.SC.avi,177.26,M
