Filename,Size,Unit
Sample/wedding.band.s01e09.720p.hdtv.x264-evolve-sample.mkv,32.29,M
wedding.band.s01e09.720p.hdtv.x264-evolve.nfo,191,B
wedding.band.s01e09.720p.hdtv.x264-evolve.r00,47.68,M
wedding.band.s01e09.720p.hdtv.x264-evolve.r01,47.68,M
wedding.band.s01e09.720p.hdtv.x264-evolve.r02,47.68,M
wedding.band.s01e09.720p.hdtv.x264-evolve.r03,47.68,M
wedding.band.s01e09.720p.hdtv.x264-evolve.r04,47.68,M
wedding.band.s01e09.720p.hdtv.x264-evolve.r05,47.68,M
wedding.band.s01e09.720p.hdtv.x264-evolve.r06,47.68,M
wedding.band.s01e09.720p.hdtv.x264-evolve.r07,47.68,M
wedding.band.s01e09.720p.hdtv.x264-evolve.r08,47.68,M
wedding.band.s01e09.720p.hdtv.x264-evolve.r09,47.68,M
wedding.band.s01e09.720p.hdtv.x264-evolve.r10,47.68,M
wedding.band.s01e09.720p.hdtv.x264-evolve.r11,47.68,M
wedding.band.s01e09.720p.hdtv.x264-evolve.r12,47.68,M
wedding.band.s01e09.720p.hdtv.x264-evolve.r13,47.68,M
wedding.band.s01e09.720p.hdtv.x264-evolve.r14,47.68,M
wedding.band.s01e09.720p.hdtv.x264-evolve.r15,47.68,M
wedding.band.s01e09.720p.hdtv.x264-evolve.r16,47.68,M
wedding.band.s01e09.720p.hdtv.x264-evolve.r17,47.68,M
wedding.band.s01e09.720p.hdtv.x264-evolve.r18,47.68,M
wedding.band.s01e09.720p.hdtv.x264-evolve.r19,47.68,M
wedding.band.s01e09.720p.hdtv.x264-evolve.r20,47.68,M
wedding.band.s01e09.720p.hdtv.x264-evolve.r21,47.68,M
wedding.band.s01e09.720p.hdtv.x264-evolve.r22,47.68,M
wedding.band.s01e09.720p.hdtv.x264-evolve.r23,47.68,M
wedding.band.s01e09.720p.hdtv.x264-evolve.r24,47.68,M
wedding.band.s01e09.720p.hdtv.x264-evolve.r25,47.68,M
wedding.band.s01e09.720p.hdtv.x264-evolve.r26,47.68,M
wedding.band.s01e09.720p.hdtv.x264-evolve.r27,47.68,M
wedding.band.s01e09.720p.hdtv.x264-evolve.r28,47.68,M
wedding.band.s01e09.720p.hdtv.x264-evolve.r29,47.68,M
wedding.band.s01e09.720p.hdtv.x264-evolve.r30,47.68,M
wedding.band.s01e09.720p.hdtv.x264-evolve.r31,47.68,M
wedding.band.s01e09.720p.hdtv.x264-evolve.r32,46.31,M
wedding.band.s01e09.720p.hdtv.x264-evolve.rar,47.68,M
wedding.band.s01e09.720p.hdtv.x264-evolve.sfv,1.86,K
www.Speed.Cd read me .txt,47,B
www.Speed.Cd.txt,47,B
