Filename,Size,Unit
Zindagi Gulzar Hai Episode 5 HUM TV Drama.flv,181.96,M
Zindagi Gulzar Hai Episode 15 HUM TV Drama.flv,180.82,M
Zindagi Gulzar hai Episode 6 HUM TV Drama.flv,176.43,M
Zindagi Gulzar Hai Episode 19 HUM TV Drama.flv,175.15,M
Zindagi Gulzar Hai Episode 7 HUM TV Drama.flv,173.06,M
Zindagi Gulzar Hai Episode 1 HUM TV Drama.flv,171.75,M
Zindagi Gulzar Hai Episode 12 HUM TV Drama.flv,171.37,M
Zindagi Gulzar Hai Episode 11 HUM TV Drama.flv,171.23,M
Zindagi Gulzar Hai Episode 16 HUM TV Drama.flv,165.7,M
Zindagi Gulzar Hai Episode 2 HUM TV Drama.flv,165.48,M
Zindagi Gulzar Hai Episode 13 HUM TV Drama.flv,164.77,M
Zindagi Gulzar Hai Episode 3 HUM TV Drama.flv,164.07,M
Zindagi Gulzar Hai Episode 4 HUM TV Drama.flv,162.4,M
Zindagi Gulzar Hai Episode 18 HUM TV Drama.flv,162.2,M
Zindagi Gulzar Hai Episode 14 HUM TV Drama.flv,161.89,M
Zindagi Gulzar Hai Episode 10 HUM TV Drama.flv,161.73,M
Zindagi Gulzar Hai Episode 9 HUM TV Drama.flv,161.14,M
Zindagi Gulzar Hai Episode 8 HUM TV Drama.flv,161.04,M
Zindagi Gulzar Hai Episode 17 HUM TV Drama.flv,160.24,M
