Filename,Size,Unit
b.jpg,83.53,K
f.jpg,91.45,K
pl-fefu6.mp4,1.12,G
pl-fefu6.mp4.jpg,206.76,K
