User Type,Username,Date,Text
,adaszywiec,2013-06-02T23:18Z,Seed Please
