Title,Type,Files,Size,IMDB,Spoken Languages,Texted Languages,Tags,Quality (+),Quality (-),Uploaded,By,User Type,Seeders,Leechers,Info Hash,Picture,Capture Date
Anal Overload - Angelica Raven.m4v,506,1,453.01 MiB (475019116 Bytes),,,,"""2013"",""Anal"",""Gonzo"",""Big tits"",""Hardcore"",""All Sex"",""XXX"",""Adult""",,,2013-02-04T21:33:47Z,Pornmaze,[V],5,1,199AA30015C98DE27C660F6F28A865A022C43665,//image.bayimg.com/d6f4fa0030720f56a413bf4a995d6869663bd1f6.jpg,2013-06-04T21:52:09Z
