Title,Type,Files,Size,IMDB,Spoken Languages,Texted Languages,Tags,Quality (+),Quality (-),Uploaded,By,User Type,Seeders,Leechers,Info Hash,Picture,Capture Date
Bones S08E17 HDTV AC3 DivX-HQAVI,205,1,700.07 MiB (734079270 Bytes),,English,,,,,2013-02-26T05:49:25Z,teslaman,[T],1,0,49706F248F886E7BBB18F6436B75144DEA6ADA81,,2013-06-06T14:46:10Z
