Filename,Size,Unit
MXGP of The Netherlands - Valkenswaard MX2 Race 1.mp4,1.52,G
MXGP of The Netherlands - Valkenswaard MX1 Race 1.mp4,1.51,G
