Title,Type,Files,Size,IMDB,Spoken Languages,Texted Languages,Tags,Quality (+),Quality (-),Uploaded,By,User Type,Seeders,Leechers,Info Hash,Picture,Capture Date
ATK Hairy Aunt Judys - Sarah sar061 - 10 - 1055 pics in 5 sets,503,1055,388.76 MiB (407639983 Bytes),,,,"""suprbayrequest""",,,2013-04-14T17:15:57Z,bestec1234,[V],0,4,BA8AAE350F189CCF1F8C9D411D4DDF5C0AAD182F,//image.bayimg.com/aff01510cfc134852fb20060d6c807104ae4ce2a.jpg,2013-06-10T10:10:31Z
