Filename,Size,Unit
Episode 1.mp3,12.7,M
Episode 2.mp3,12.33,M
Episode 3.mp3,12.58,M
Episode 4.mp3,12.73,M
Episode 5.mp3,12.88,M
