Title,Type,Files,Size,IMDB,Spoken Languages,Texted Languages,Tags,Quality (+),Quality (-),Uploaded,By,User Type,Seeders,Leechers,Info Hash,Picture,Capture Date
"Isis Love (Wel-Cum Home, Soldier!) (2013) HD 720p",505,1,1.71 GiB (1833951823 Bytes),,,,"""Big Tits"",""Brunette"",""Blowjob"",""Wife"",""Latina"",""MILF""",,,2013-06-03T20:23:14Z,KlixXxo,[V],4,3,6E538457A4E8F23D96DFD7E38D023DE1CF39545A,,2013-06-15T16:17:52Z
