User Type,Username,Date,Text
,dontlikefake,2013-04-21T23:57Z,thanks
