Title,Type,Files,Size,IMDB,Spoken Languages,Texted Languages,Tags,Quality (+),Quality (-),Uploaded,By,User Type,Seeders,Leechers,Info Hash,Picture,Capture Date
Miggs-15th_And_Hope-(Retail)-2013-HHI,101,15,74.85 MiB (78482155 Bytes),,,,,,,2013-06-13T19:25:39Z,raidy,[T],1,0,47E17045B198A4C037438678660849FBEBB6F9A7,,2013-06-17T09:03:13Z
