Title,Type,Files,Size,IMDB,Spoken Languages,Texted Languages,Tags,Quality (+),Quality (-),Uploaded,By,User Type,Seeders,Leechers,Info Hash,Picture,Capture Date
The Phoenix Pack Series (1-2) by Suzanne Wright [MU],601,19,5.08 MiB (5330499 Bytes),,,English,,,,2013-05-03T21:08:25Z,Max-Upload,[T],12,4,6C1F046E3E9F2387DD62DC15B846C75E7FAE619F,//image.bayimg.com/057b9eefec5ff3f8b33474b3069afaf008d37208.jpg,2013-06-12T08:20:47Z
