Title,Type,Files,Size,IMDB,Spoken Languages,Texted Languages,Tags,Quality (+),Quality (-),Uploaded,By,User Type,Seeders,Leechers,Info Hash,Picture,Capture Date
"X-Art - Together at Last - Kaylee, Baby [1080p].mov",505,1,655.59 MiB (687439221 Bytes),,,,"""2013"",""Lesbian"",""Oral"",""Erotic"",""XXX"",""Adult""",,,2013-05-18T17:59:06Z,C3Porno,[V],53,13,4779E1C31FE3103B9A53A979781B95A916DD4B31,//image.bayimg.com/1ec0c8bfe4ad595efd706bece3b17102987a57ab.jpg,2013-06-14T02:36:22Z
