Filename,Size,Unit
RARBG.com.txt,34,B
band1d0s-ihwdivination.avi,349.85,M
band1d0s-ihwdivination.nfo,799,B
