Title,Type,Files,Size,IMDB,Spoken Languages,Texted Languages,Tags,Quality (+),Quality (-),Uploaded,By,User Type,Seeders,Leechers,Info Hash,Picture,Capture Date
[BigBabeBlowjobs] Skye Sinn (Blow-job Blondie / 2485 / 02.07.201,501,1,321.46 MiB (337071325 Bytes),,,,,,,2013-02-07T11:34:11Z,chkm8te,[V],0,1,B496B6EC3A60B7DCB0B75AFD00AF3A30EF399D96,,2013-06-05T00:58:02Z
