Filename,Size,Unit
Body.of.Proof.S03E01.HDTV.x264-LOL.mp4,222.02,M
Torrent Downloaded From ExtraTorrent.com.txt,339,B
