Filename,Size,Unit
20130419_RS_Anaheim-Calgary_540.mkv,1.1,G
