Filename,Size,Unit
01 Pull Me Down.mp3,7.97,M
02 Feels Like the End.mp3,10.44,M
03 Pull Me Down (Ryan Hemsworth Remix).mp3,7.88,M
04 Pull Me Down (The Internet Remix).mp3,7.52,M
05 Chained (Live At BBC Radio 1).mp3,9.24,M
