Filename,Size,Unit
01. Mountain Music.flac,25.06,M
02. Close Enough To Perfect.flac,20.84,M
03. Words At Twenty Paces.flac,23,M
04. Changes Comin' On.flac,38.54,M
05. Green River.flac,17.33,M
06. Take Me Down.flac,26.71,M
07. You Turn Me On.flac,17.7,M
08. Never Be One.flac,14.41,M
09. Lovin' You Is Killin' Me.flac,19.79,M
10. Gonna Have A Party.flac,25.71,M
Alabama - Mountain Music - back.jpg,863.16,K
Alabama - Mountain Music - front.jpg,31.98,K
Alabama - Mountain Music.m3u8,684,B
Mountain Music.txt,932,B
