Filename,Size,Unit
Azusa.Nagasawa.Mouth.Blasted.With.Her.Lovers.Man.Naise.JavHD.2013.FullHD_iyutero.com.mp4,538.65,M
