Filename,Size,Unit
MetArt-Simileco-cover-clean.jpg,178.4,K
MetArt_Simileco_Edwige-A_by_Luca-Helios_high_0001.jpg,4.78,M
MetArt_Simileco_Edwige-A_by_Luca-Helios_high_0002.jpg,4.18,M
MetArt_Simileco_Edwige-A_by_Luca-Helios_high_0003.jpg,3.71,M
MetArt_Simileco_Edwige-A_by_Luca-Helios_high_0004.jpg,2.93,M
MetArt_Simileco_Edwige-A_by_Luca-Helios_high_0005.jpg,4.37,M
MetArt_Simileco_Edwige-A_by_Luca-Helios_high_0006.jpg,2.71,M
MetArt_Simileco_Edwige-A_by_Luca-Helios_high_0007.jpg,4.68,M
MetArt_Simileco_Edwige-A_by_Luca-Helios_high_0008.jpg,5.03,M
MetArt_Simileco_Edwige-A_by_Luca-Helios_high_0009.jpg,4.45,M
MetArt_Simileco_Edwige-A_by_Luca-Helios_high_0010.jpg,2.81,M
MetArt_Simileco_Edwige-A_by_Luca-Helios_high_0011.jpg,4.76,M
MetArt_Simileco_Edwige-A_by_Luca-Helios_high_0012.jpg,2.71,M
MetArt_Simileco_Edwige-A_by_Luca-Helios_high_0013.jpg,2.78,M
MetArt_Simileco_Edwige-A_by_Luca-Helios_high_0014.jpg,3.98,M
MetArt_Simileco_Edwige-A_by_Luca-Helios_high_0015.jpg,2.48,M
MetArt_Simileco_Edwige-A_by_Luca-Helios_high_0016.jpg,4.11,M
MetArt_Simileco_Edwige-A_by_Luca-Helios_high_0017.jpg,2.66,M
MetArt_Simileco_Edwige-A_by_Luca-Helios_high_0018.jpg,4.14,M
MetArt_Simileco_Edwige-A_by_Luca-Helios_high_0019.jpg,2.88,M
MetArt_Simileco_Edwige-A_by_Luca-Helios_high_0020.jpg,2.05,M
MetArt_Simileco_Edwige-A_by_Luca-Helios_high_0021.jpg,2.78,M
MetArt_Simileco_Edwige-A_by_Luca-Helios_high_0022.jpg,2.53,M
MetArt_Simileco_Edwige-A_by_Luca-Helios_high_0023.jpg,4.56,M
MetArt_Simileco_Edwige-A_by_Luca-Helios_high_0024.jpg,4.82,M
MetArt_Simileco_Edwige-A_by_Luca-Helios_high_0025.jpg,3.9,M
MetArt_Simileco_Edwige-A_by_Luca-Helios_high_0026.jpg,3.17,M
MetArt_Simileco_Edwige-A_by_Luca-Helios_high_0027.jpg,4.43,M
MetArt_Simileco_Edwige-A_by_Luca-Helios_high_0028.jpg,4.76,M
MetArt_Simileco_Edwige-A_by_Luca-Helios_high_0029.jpg,2.43,M
MetArt_Simileco_Edwige-A_by_Luca-Helios_high_0030.jpg,2.55,M
MetArt_Simileco_Edwige-A_by_Luca-Helios_high_0031.jpg,4.11,M
MetArt_Simileco_Edwige-A_by_Luca-Helios_high_0032.jpg,4.39,M
MetArt_Simileco_Edwige-A_by_Luca-Helios_high_0033.jpg,4.21,M
MetArt_Simileco_Edwige-A_by_Luca-Helios_high_0034.jpg,2.28,M
MetArt_Simileco_Edwige-A_by_Luca-Helios_high_0035.jpg,2.24,M
MetArt_Simileco_Edwige-A_by_Luca-Helios_high_0036.jpg,4.87,M
MetArt_Simileco_Edwige-A_by_Luca-Helios_high_0037.jpg,2.66,M
MetArt_Simileco_Edwige-A_by_Luca-Helios_high_0038.jpg,3.29,M
MetArt_Simileco_Edwige-A_by_Luca-Helios_high_0039.jpg,3.54,M
MetArt_Simileco_Edwige-A_by_Luca-Helios_high_0040.jpg,5.34,M
MetArt_Simileco_Edwige-A_by_Luca-Helios_high_0041.jpg,3.68,M
MetArt_Simileco_Edwige-A_by_Luca-Helios_high_0042.jpg,4.87,M
MetArt_Simileco_Edwige-A_by_Luca-Helios_high_0043.jpg,4.92,M
MetArt_Simileco_Edwige-A_by_Luca-Helios_high_0044.jpg,4.02,M
MetArt_Simileco_Edwige-A_by_Luca-Helios_high_0045.jpg,3.11,M
MetArt_Simileco_Edwige-A_by_Luca-Helios_high_0046.jpg,4.47,M
MetArt_Simileco_Edwige-A_by_Luca-Helios_high_0047.jpg,3.05,M
MetArt_Simileco_Edwige-A_by_Luca-Helios_high_0048.jpg,3.97,M
MetArt_Simileco_Edwige-A_by_Luca-Helios_high_0049.jpg,3.24,M
MetArt_Simileco_Edwige-A_by_Luca-Helios_high_0050.jpg,2.33,M
MetArt_Simileco_Edwige-A_by_Luca-Helios_high_0051.jpg,3.41,M
MetArt_Simileco_Edwige-A_by_Luca-Helios_high_0052.jpg,4.43,M
MetArt_Simileco_Edwige-A_by_Luca-Helios_high_0053.jpg,3.23,M
MetArt_Simileco_Edwige-A_by_Luca-Helios_high_0054.jpg,4.01,M
MetArt_Simileco_Edwige-A_by_Luca-Helios_high_0055.jpg,2.8,M
MetArt_Simileco_Edwige-A_by_Luca-Helios_high_0056.jpg,5.89,M
MetArt_Simileco_Edwige-A_by_Luca-Helios_high_0057.jpg,3.58,M
MetArt_Simileco_Edwige-A_by_Luca-Helios_high_0058.jpg,4.12,M
MetArt_Simileco_Edwige-A_by_Luca-Helios_high_0059.jpg,5.12,M
MetArt_Simileco_Edwige-A_by_Luca-Helios_high_0060.jpg,4.42,M
MetArt_Simileco_Edwige-A_by_Luca-Helios_high_0061.jpg,4.24,M
MetArt_Simileco_Edwige-A_by_Luca-Helios_high_0062.jpg,2.14,M
MetArt_Simileco_Edwige-A_by_Luca-Helios_high_0063.jpg,2.31,M
MetArt_Simileco_Edwige-A_by_Luca-Helios_high_0064.jpg,2.2,M
MetArt_Simileco_Edwige-A_by_Luca-Helios_high_0065.jpg,2.27,M
MetArt_Simileco_Edwige-A_by_Luca-Helios_high_0066.jpg,2.19,M
MetArt_Simileco_Edwige-A_by_Luca-Helios_high_0067.jpg,2.54,M
MetArt_Simileco_Edwige-A_by_Luca-Helios_high_0068.jpg,4.56,M
MetArt_Simileco_Edwige-A_by_Luca-Helios_high_0069.jpg,2.53,M
MetArt_Simileco_Edwige-A_by_Luca-Helios_high_0070.jpg,4.78,M
MetArt_Simileco_Edwige-A_by_Luca-Helios_high_0071.jpg,3.53,M
MetArt_Simileco_Edwige-A_by_Luca-Helios_high_0072.jpg,4.25,M
MetArt_Simileco_Edwige-A_by_Luca-Helios_high_0073.jpg,4.85,M
MetArt_Simileco_Edwige-A_by_Luca-Helios_high_0074.jpg,4.35,M
MetArt_Simileco_Edwige-A_by_Luca-Helios_high_0075.jpg,4,M
MetArt_Simileco_Edwige-A_by_Luca-Helios_high_0076.jpg,3.49,M
MetArt_Simileco_Edwige-A_by_Luca-Helios_high_0077.jpg,3.67,M
MetArt_Simileco_Edwige-A_by_Luca-Helios_high_0078.jpg,3.98,M
MetArt_Simileco_Edwige-A_by_Luca-Helios_high_0079.jpg,4.28,M
MetArt_Simileco_Edwige-A_by_Luca-Helios_high_0080.jpg,2.95,M
MetArt_Simileco_Edwige-A_by_Luca-Helios_high_0081.jpg,3.68,M
MetArt_Simileco_Edwige-A_by_Luca-Helios_high_0082.jpg,4.22,M
MetArt_Simileco_Edwige-A_by_Luca-Helios_high_0083.jpg,4.44,M
MetArt_Simileco_Edwige-A_by_Luca-Helios_high_0084.jpg,3.83,M
MetArt_Simileco_Edwige-A_by_Luca-Helios_high_0085.jpg,2.31,M
MetArt_Simileco_Edwige-A_by_Luca-Helios_high_0086.jpg,2.92,M
MetArt_Simileco_Edwige-A_by_Luca-Helios_high_0087.jpg,2.58,M
MetArt_Simileco_Edwige-A_by_Luca-Helios_high_0088.jpg,2.72,M
MetArt_Simileco_Edwige-A_by_Luca-Helios_high_0089.jpg,3.26,M
MetArt_Simileco_Edwige-A_by_Luca-Helios_high_0090.jpg,3.29,M
MetArt_Simileco_Edwige-A_by_Luca-Helios_high_0091.jpg,3.07,M
MetArt_Simileco_Edwige-A_by_Luca-Helios_high_0092.jpg,3.32,M
MetArt_Simileco_Edwige-A_by_Luca-Helios_high_0093.jpg,4.43,M
MetArt_Simileco_Edwige-A_by_Luca-Helios_high_0094.jpg,4.21,M
MetArt_Simileco_Edwige-A_by_Luca-Helios_high_0095.jpg,4.5,M
MetArt_Simileco_Edwige-A_by_Luca-Helios_high_0096.jpg,5.16,M
MetArt_Simileco_Edwige-A_by_Luca-Helios_high_0097.jpg,3.86,M
MetArt_Simileco_Edwige-A_by_Luca-Helios_high_0098.jpg,4.26,M
MetArt_Simileco_Edwige-A_by_Luca-Helios_high_0099.jpg,3.82,M
MetArt_Simileco_Edwige-A_by_Luca-Helios_high_0100.jpg,3.2,M
MetArt_Simileco_Edwige-A_by_Luca-Helios_high_0101.jpg,4.49,M
MetArt_Simileco_Edwige-A_by_Luca-Helios_high_0102.jpg,4.16,M
MetArt_Simileco_Edwige-A_by_Luca-Helios_high_0103.jpg,3.83,M
MetArt_Simileco_Edwige-A_by_Luca-Helios_high_0104.jpg,2.23,M
MetArt_Simileco_Edwige-A_by_Luca-Helios_high_0105.jpg,4.38,M
MetArt_Simileco_Edwige-A_by_Luca-Helios_high_0106.jpg,2.38,M
MetArt_Simileco_Edwige-A_by_Luca-Helios_high_0107.jpg,4.61,M
MetArt_Simileco_Edwige-A_by_Luca-Helios_high_0108.jpg,2.58,M
MetArt_Simileco_Edwige-A_by_Luca-Helios_high_0109.jpg,4.4,M
MetArt_Simileco_Edwige-A_by_Luca-Helios_high_0110.jpg,3.2,M
MetArt_Simileco_Edwige-A_by_Luca-Helios_high_0111.jpg,3.35,M
MetArt_Simileco_Edwige-A_by_Luca-Helios_high_0112.jpg,3.83,M
MetArt_Simileco_Edwige-A_by_Luca-Helios_high_0113.jpg,4.06,M
MetArt_Simileco_Edwige-A_by_Luca-Helios_high_0114.jpg,3.75,M
MetArt_Simileco_Edwige-A_by_Luca-Helios_high_0115.jpg,2.35,M
MetArt_Simileco_Edwige-A_by_Luca-Helios_high_0116.jpg,2.21,M
MetArt_Simileco_Edwige-A_by_Luca-Helios_high_0117.jpg,2.06,M
MetArt_Simileco_Edwige-A_by_Luca-Helios_high_0118.jpg,2.74,M
MetArt_Simileco_Edwige-A_by_Luca-Helios_high_0119.jpg,2.3,M
MetArt_Simileco_Edwige-A_by_Luca-Helios_high_0120.jpg,2.44,M
RARBG.com.txt,34,B
_MetArt-Simileco-cover.jpg,187.38,K
file_id.diz,694,B
ma326eassimi.nfo,8.46,K
model-bio_Edwige-A.txt,558,B
