Filename,Size,Unit
Torrent downloaded from Mac-Torrents.com.rtf,365,B
Torrent downloaded from thePirateBay.org.rtf,367,B
wifi_explorer_v1.3.5.zip,1.79,M
