Filename,Size,Unit
La Biblia. Abraham. [El primer Patriarca].[Malaguita55].avi,1.64,G
