User Type,Username,Date,Text
,Flaoua,2013-02-16T17:50Z,"Really great show !
Thanks for the upload :)"
