Filename,Size,Unit
Hart.of.Dixie.S02E14.SWESUB.HDTV.XviD-BeTonGBarN.avi,350.01,M
