Title,Type,Files,Size,IMDB,Spoken Languages,Texted Languages,Tags,Quality (+),Quality (-),Uploaded,By,User Type,Seeders,Leechers,Info Hash,Picture,Capture Date
Cynthia Bang - Thick Latina Takes Dick (MyGF),501,1,689.99 MiB (723504690 Bytes),,,,"""Teen"",""Amateur"",""2013""",,,2013-01-16T02:31:35Z,R0thschild,[V],1,0,E8DBB76E6F67C50D1A8040E781DE69AAA01BDB99,,2013-06-03T11:51:18Z
