Filename,Size,Unit
Noivas Infieis.avi,1.59,G
