Filename,Size,Unit
Chashme Baddoor (2013) HD SCAM RIP H.264 MP4 TEAM IcTv.mkv,455.71,M
