Filename,Size,Unit
[SORE] Dragon Crisis! - 03 [MP4][720p].mp4,327.01,M
[SORE] Dragon Crisis! - 08 [MP4][720p].mp4,307.73,M
[SORE] Dragon Crisis! - 04 [MP4][720p].mp4,299.41,M
[SORE] Dragon Crisis! - 01 [MP4][720p].mp4,294.79,M
[SORE] Dragon Crisis! - 07 [MP4][720p].mp4,293.4,M
[SORE] Dragon Crisis! - 05 [MP4][720p].mp4,292.02,M
[SORE] Dragon Crisis! - 02 [MP4][720p].mp4,273.8,M
[SORE] Dragon Crisis! - 12 [MP4][720p].mp4,271.78,M
[SORE] Dragon Crisis! - 06 [MP4][720p].mp4,266.42,M
[SORE] Dragon Crisis! - 09 [MP4][720p].mp4,264.7,M
[SORE] Dragon Crisis! - 11 [MP4][720p].mp4,261.7,M
[SORE] Dragon Crisis! - 10 [MP4][720p].mp4,258.9,M
Information.txt,146,B
