Filename,Size,Unit
GTA IV PC Version.rar,13.95,G
Patch.rar,103.15,M
Virtual Audio Cable 4.10.zip,274.41,K
xLiveless & GFWL.rar,383.42,K
