Title,Type,Files,Size,IMDB,Spoken Languages,Texted Languages,Tags,Quality (+),Quality (-),Uploaded,By,User Type,Seeders,Leechers,Info Hash,Picture,Capture Date
Katsuni - Dr. Katsuni's Oral Therapy (Doctoradventures),506,1,263.42 MiB (276217836 Bytes),,,,"""All Sex"",""Hardcore"",""Oral""",,,2013-01-10T12:54:22Z,R0thschild,[V],2,1,EB0BCA4EEED68982FF88AC8E539C38575400A0A2,,2013-06-02T16:13:58Z
