Title,Type,Files,Size,IMDB,Spoken Languages,Texted Languages,Tags,Quality (+),Quality (-),Uploaded,By,User Type,Seeders,Leechers,Info Hash,Picture,Capture Date
Dude Has A Threesome With 2 Milfs On The Living Room Floor,506,1,20.72 MiB (21723170 Bytes),,,,"""amateur homemade threesome mil""",,,2013-05-14T14:11:25Z,mrdrake96,[T],3,2,FE8E82E845B13351612135682F4F41E3148E2864,,2013-06-13T14:03:44Z
