Filename,Size,Unit
Maya.Hills.Fresh.Outta.High.School.XXX.pornalized.com.wmv,316.8,M
