Filename,Size,Unit
Sample/The Hobbit An Unexpected Journey (2012) Sample.mkv,12.29,M
The Hobbit An Unexpected Journey (2012).BRRip.720p.[Dual Audio] [Hindi+English].by K@rtik [ExD Exclusive].mkv,1.43,G
The Hobbit An Unexpected Journey (2012).BRRip.720p.[Dual Audio] [Hindi+English].by K@rtik [ExD Exclusive].srt,133.82,K
The_Hobbit_An_Unexpected_Journey Cover.jpg,355.13,K
