Filename,Size,Unit
WWE.Friday.Night.Smackdown.2013.06.21.WS.PDTV-WD_wrestlingforum.info.mp4,837.08,M
README.WrestlingDesires.com.txt,1.06,K
