Filename,Size,Unit
RARBG.com.txt,34,B
Tokyo-Hot - Go Hunting - Emi Satonaka [Uncensored] [720p].wmv,1.32,G
