Filename,Size,Unit
Zubaydat.TeenSexMania.2013_iyutero.com.wmv,339.48,M
