Filename,Size,Unit
FemaleAgent Episode 81 - Clark [1080p].mov,1.76,G
