Title,Type,Files,Size,IMDB,Spoken Languages,Texted Languages,Tags,Quality (+),Quality (-),Uploaded,By,User Type,Seeders,Leechers,Info Hash,Picture,Capture Date
Dirty Over 30 6 (2013) XXX DVDRip,501,2,1.25 GiB (1340341789 Bytes),,,,"""All Sex"",""Oral""",,,2013-02-22T10:39:26Z,R0thschild,[V],1,2,984471692EC04DB577D51550ED5C878FA01054B4,,2013-06-05T20:01:23Z
