Filename,Size,Unit
Natale.A.Miami.2005.iTALiAN.DVDRip.XviD-TRL.CD2.avi,700.61,M
Natale.A.Miami.2005.iTALiAN.DVDRip.XviD-TRL.CD1.avi,699.39,M
