Filename,Size,Unit
Encore.Vol.11_Mai.Shirosaki.[HD720p].mkv,3.32,G
