Filename,Size,Unit
X-Art.12.12.31.Angie.Morning.Desires.XXx.mov,949.11,M
