Filename,Size,Unit
American.Dad.S08E11.HDTV.x264-LOL.[VTV].mp4,63.87,M
