Filename,Size,Unit
01.jpg,597.98,K
02.jpg,579.75,K
03.jpg,560.82,K
04.jpg,578.32,K
05.jpg,657.89,K
06.jpg,597.14,K
07.jpg,671.48,K
08.jpg,368.35,K
09.jpg,640.82,K
10.jpg,717.8,K
11.jpg,541.6,K
12.jpg,625.16,K
13.jpg,584.25,K
14.jpg,597.57,K
15.jpg,548.23,K
16.jpg,609.67,K
17.jpg,528.88,K
18.jpg,561.94,K
19.jpg,579.37,K
20.jpg,585.01,K
21.jpg,515.74,K
22.jpg,489.34,K
23.jpg,481.52,K
24.jpg,555.84,K
25.jpg,526.29,K
26.jpg,512.65,K
27.jpg,522.33,K
28.jpg,591.17,K
29.jpg,599.11,K
30.jpg,513.14,K
31.jpg,525.57,K
32.jpg,580.72,K
33.jpg,551.24,K
34.jpg,564.2,K
35.jpg,574.37,K
36.jpg,562.08,K
37.jpg,563.76,K
38.jpg,536.96,K
39.jpg,467.81,K
40.jpg,545.8,K
41.jpg,511.45,K
42.jpg,457.97,K
RARBG.com.txt,34,B
file_id.diz,76,B
gagball.nfo,245,B
