Filename,Size,Unit
aqos-punishment.2013.dvdrip.xvid.avi,695.36,M
aqos-punishment.2013.dvdrip.xvid.nfo,1.69,K
sample.avi,15.5,M
www.RARBG.com.txt,45,B
