Filename,Size,Unit
"FantasyHD - Presley Dawson (Laundromat Seduction - 05.23.2013) ** NEW May 23, 2013.mp4",235.05,M
