Filename,Size,Unit
Augustina_4r32_.mp4,604.4,M
Torrent downloaded from unhide-torrents.org.NFO,28,B
