Filename,Size,Unit
mwhfsadieholmesbill_qt.mp4,317.13,M
