Title,Type,Files,Size,IMDB,Spoken Languages,Texted Languages,Tags,Quality (+),Quality (-),Uploaded,By,User Type,Seeders,Leechers,Info Hash,Picture,Capture Date
EroticBeauty.com_13.05.14.Neela.A.Presenting.Neela.A.XXX.IMAGESE,503,141,95.17 MiB (99791124 Bytes),,,,,,,2013-05-14T10:02:28Z,Xx.No1.xX,[V],4,1,E622CC4B019863659BEF484C7F1864C917412AF8,,2013-06-13T13:27:04Z
