Filename,Size,Unit
ESPN.pdf,24.91,M
