Filename,Size,Unit
Hansel and Gretel Witch Hunters (2013) 2D+3D 1080p Blu-Ray.iso,22.72,G
