Title,Type,Files,Size,IMDB,Spoken Languages,Texted Languages,Tags,Quality (+),Quality (-),Uploaded,By,User Type,Seeders,Leechers,Info Hash,Picture,Capture Date
Tiesto - Live at Ultra Music Festival Miami (2013-03-17),203,2,548.56 MiB (575203134 Bytes),,,,"""Tiesto"",""Live"",""2013"",""video"",""Ultra Music Festival"",""Miami""",,,2013-04-03T14:03:12Z,promoparty,,22,0,AD75AEAA82ADC5AF5F7400F13B8639CECDE46C1A,//image.bayimg.com/98cbea877b79af2cfa958545485b56b07dc6086c.jpg,2013-06-09T13:37:04Z
