Filename,Size,Unit
Torrent downloaded from hqpdb.com.nfo,48,B
rat.13.03.23.eleonora.spring.love.full.mp4,3.11,G
rat.13.03.23.eleonora.spring.love.full.nfo,6.81,K
