User Type,Username,Date,Text
,Chresto,2013-03-08T20:11Z,Thanks a lot!~
,Gabzilla16,2013-03-14T11:41Z,NO SOUND.
