Filename,Size,Unit
Vichitra Kutumbhamu (1969) Telugu MP3s/Vichitra Kutumbamu (1969) Telugu 00. Title Music and Screen Credits_T.V. Raju.mp3,3.95,M
"Vichitra Kutumbhamu (1969) Telugu MP3s/Vichitra Kutumbamu (1969) Telugu 01. Rangu Rangu Poolu, Ghantasala,P.Susheela, C.Narayana Reddy, T.V.Raju.mp3",3.11,M
"Vichitra Kutumbhamu (1969) Telugu MP3s/Vichitra Kutumbamu (1969) Telugu 02. Kaachuko Savaal, Ghantasala,L.R.Eswari, C.Narayana Reddy, T.V.Raju.mp3",3.16,M
"Vichitra Kutumbhamu (1969) Telugu MP3s/Vichitra Kutumbamu (1969) Telugu 03. Naluguru Navveruraa, P.Susheela, C.Narayana Reddy, T.V.Raju.mp3",5.12,M
"Vichitra Kutumbhamu (1969) Telugu MP3s/Vichitra Kutumbamu (1969) Telugu 04. Aadave Aadave, Ghantasala,L.R.Eswari, C.Narayana Reddy, T.V.Raju.mp3",3.92,M
"Vichitra Kutumbhamu (1969) Telugu MP3s/Vichitra Kutumbamu (1969) Telugu 05. Pothunnaavaa Thandaraapadi, P.Susheela,  C.Narayana Reddy, T.V.Raju.mp3",3.68,M
"Vichitra Kutumbhamu (1969) Telugu MP3s/Vichitra Kutumbamu (1969) Telugu 06. Erraa Erranidhaana,Singers  Not Identified, C.Narayana Reddy, T.V.Raju.mp3",3.01,M
Torrent Downloaded From ExtraTorrent.com.txt,337,B
VIDEO_TS.BUP,14,K
VIDEO_TS.IFO,14,K
VIDEO_TS.VOB,116,K
VTS_01_0.BUP,84,K
VTS_01_0.IFO,84,K
VTS_01_1.VOB,1024,M
VTS_01_2.VOB,1024,M
VTS_01_3.VOB,1024,M
VTS_01_4.VOB,1024,M
VTS_01_5.VOB,341.97,M
VTS_02_0.BUP,14,K
VTS_02_0.IFO,14,K
VTS_02_1.VOB,10,K
VTS_03_0.BUP,14,K
VTS_03_0.IFO,14,K
VTS_03_1.VOB,10,K
VTS_04_0.BUP,14,K
VTS_04_0.IFO,14,K
VTS_04_1.VOB,10,K
