Filename,Size,Unit
NBA RS 2013 - January 25th - Pistons @ Heat - 720p.mkv,2.19,G
