Filename,Size,Unit
Hannibal.1x02.HDiTunes.DVB.English-Spanish.avi,607.22,M
