Title,Type,Files,Size,IMDB,Spoken Languages,Texted Languages,Tags,Quality (+),Quality (-),Uploaded,By,User Type,Seeders,Leechers,Info Hash,Picture,Capture Date
ProKeyLock 2.2 Final Incl Crack - SceneDL,301,5,2.8 MiB (2934970 Bytes),,,,"""crack"",""pro"",""final"",""scene"",""scenedl""",,,2013-04-10T00:16:49Z,SceneDL,[T],0,1,A6753A4CD111AC6077B9DB322BC25628255898BC,,2013-06-10T03:44:35Z
