Title,Type,Files,Size,IMDB,Spoken Languages,Texted Languages,Tags,Quality (+),Quality (-),Uploaded,By,User Type,Seeders,Leechers,Info Hash,Picture,Capture Date
The Training of O--ToO-28391 Nikki Darling and Owen Gray WMV,505,1,832.52 MiB (872961652 Bytes),,,,,,,2013-02-01T22:51:15Z,merzedes,[V],3,2,BA7FEE7B140813ADDBE0448F348C858610D7FCCD,//image.bayimg.com/0f5ba1ab2615b7e3c9acbfc5f86073eaee8ca8ee.jpg,2013-06-04T18:44:20Z
