Title,Type,Files,Size,IMDB,Spoken Languages,Texted Languages,Tags,Quality (+),Quality (-),Uploaded,By,User Type,Seeders,Leechers,Info Hash,Picture,Capture Date
Inculandolo Mi Innamorai (2011),501,1,1.42 GiB (1527692479 Bytes),,Italian,,"""Shemale"",""New Release"",""Transsexual"",""All Sex""",,,2013-05-30T04:34:29Z,SplashPt,[V],1,2,43C423FBB3B4A559F019E2788680434B3A3B481B,,2013-06-15T06:03:20Z
