Filename,Size,Unit
BSkyB.Galapagos.with.David.Attenborough.4of4.The.Making.Of.PDTV.x264.AAC.MVGroup.org.mp4,667.05,M
