Filename,Size,Unit
ps-yg-b.avi,700.62,M
ps-yg-a.avi,699.09,M
