Filename,Size,Unit
Person.of.Interest.S02E12.1080p.WEB-DL.DD5.1.H.264-KiNGS.mkv,1.56,G
Person.of.Interest.S02E12.1080p.WEB-DL.DD5.1.H.264-KiNGS.nfo,3.45,K
