Filename,Size,Unit
23. Mastiksoul - Big Time (Original Mix).mp3,8.6,M
03. MC Y2K - Nena (Original Mix).mp3,8.6,M
11. Daivimar feat. David Miks & Guy H - Tá Calor (R’Bros & Dj To’M Remix).mp3,8.57,M
14. Chris Brown - Don’t Wake Me Up.mp3,8.5,M
13. Usher - Scream.mp3,8.37,M
20. Gil Perez & Meith feat. Puto Mira - Anda Cá (Dj Mike C Remix).mp3,8.03,M
01. DJ Antoine feat. Pitbull - You’re Ma Cherie (Dj Antoine vs Mad Mark Remix).mp3,7.71,M
17. Jesus Fernandez & Moncho feat. Phone - Te Gusta (Original Mix).mp3,7.57,M
08. Phill Kay feat. Mc Y2K - Mexe (2k13 Rework).mp3,7.57,M
16. David Miks & Marcos Moura - Vem Dançar (Original Mix).mp3,7.49,M
12. David Myrla & Cristian Tomas - Dale Como Se (Original Mix).mp3,7.49,M
19. Mc Y2K & SS Crew - Muevete (Phill Kay Remix).mp3,7.46,M
02. Daivimar feat. David Miks & Massive Flow System - Sexy Lady (Original Mix).mp3,6.92,M
04. Max D’Kay feat. Daduh King - Tchuco Tchuco (Original Mix).mp3,6.89,M
25. Gil Perez - Tuesday in Brazil (Thom Eduardo Remix).mp3,6.88,M
24. Pedro Carrilho - Encanto (Dj Bruno F Remix).mp3,6.88,M
15. Dj Branco P feat. Mc Y2K - Dale Morena (Original Mix).mp3,6.88,M
10. Funky Ro & David Milano feat. Martina Camargo - Guataqui (Original Mix).mp3,6.86,M
18. Genairo Nvilla - Kings of Drums 2 (Original Mix).mp3,6.81,M
05. Groove Addiction feat. Dj Arnette & Akordeon Deluxe - Mulherengo (Dj Mike C Remix).mp3,6.59,M
21. DJ Shock - Perereka (Original Mix).mp3,5.88,M
09. Meith & Dj Mike C feat. Puto Mira - A Bundinha.mp3,5.77,M
22. HardLight & DJ Asoma - Quero fazer Sexo (Original Mix).mp3,5.25,M
26. Ginerio Seva feat. Nelson Fonseca - Solution (Original Mix).mp3,5.17,M
07. John Diaz & R’ Bros feat. David Miks - É P’ra Sambar (DJ To’M Remix).mp3,5.03,M
06. Mastiksoul - Mama Coça.mp3,4.6,M
