Filename,Size,Unit
142544 - Leilani Gallery 138 toys/lei008HBM_142544001.jpg,365.31,K
142544 - Leilani Gallery 138 toys/lei008HBM_142544002.jpg,362.08,K
142544 - Leilani Gallery 138 toys/lei008HBM_142544003.jpg,373.2,K
142544 - Leilani Gallery 138 toys/lei008HBM_142544004.jpg,309.07,K
142544 - Leilani Gallery 138 toys/lei008HBM_142544005.jpg,338.06,K
142544 - Leilani Gallery 138 toys/lei008HBM_142544006.jpg,313.43,K
142544 - Leilani Gallery 138 toys/lei008HBM_142544007.jpg,363.06,K
142544 - Leilani Gallery 138 toys/lei008HBM_142544008.jpg,355.74,K
142544 - Leilani Gallery 138 toys/lei008HBM_142544009.jpg,351.85,K
142544 - Leilani Gallery 138 toys/lei008HBM_142544010.jpg,381.06,K
142544 - Leilani Gallery 138 toys/lei008HBM_142544011.jpg,344.77,K
142544 - Leilani Gallery 138 toys/lei008HBM_142544012.jpg,352.73,K
142544 - Leilani Gallery 138 toys/lei008HBM_142544013.jpg,396.77,K
142544 - Leilani Gallery 138 toys/lei008HBM_142544014.jpg,410.17,K
142544 - Leilani Gallery 138 toys/lei008HBM_142544015.jpg,342.49,K
142544 - Leilani Gallery 138 toys/lei008HBM_142544016.jpg,342.65,K
142544 - Leilani Gallery 138 toys/lei008HBM_142544017.jpg,352.68,K
142544 - Leilani Gallery 138 toys/lei008HBM_142544018.jpg,383.26,K
142544 - Leilani Gallery 138 toys/lei008HBM_142544019.jpg,362.98,K
142544 - Leilani Gallery 138 toys/lei008HBM_142544020.jpg,376.24,K
142544 - Leilani Gallery 138 toys/lei008HBM_142544021.jpg,374.68,K
142544 - Leilani Gallery 138 toys/lei008HBM_142544022.jpg,377.72,K
142544 - Leilani Gallery 138 toys/lei008HBM_142544023.jpg,371.81,K
142544 - Leilani Gallery 138 toys/lei008HBM_142544024.jpg,350.4,K
142544 - Leilani Gallery 138 toys/lei008HBM_142544025.jpg,375.41,K
142544 - Leilani Gallery 138 toys/lei008HBM_142544026.jpg,337.47,K
142544 - Leilani Gallery 138 toys/lei008HBM_142544027.jpg,361.18,K
142544 - Leilani Gallery 138 toys/lei008HBM_142544028.jpg,336.99,K
142544 - Leilani Gallery 138 toys/lei008HBM_142544029.jpg,355.75,K
142544 - Leilani Gallery 138 toys/lei008HBM_142544030.jpg,328.57,K
142544 - Leilani Gallery 138 toys/lei008HBM_142544031.jpg,355.05,K
142544 - Leilani Gallery 138 toys/lei008HBM_142544032.jpg,313.53,K
142544 - Leilani Gallery 138 toys/lei008HBM_142544033.jpg,328.6,K
142544 - Leilani Gallery 138 toys/lei008HBM_142544034.jpg,340.9,K
142544 - Leilani Gallery 138 toys/lei008HBM_142544035.jpg,311.17,K
142544 - Leilani Gallery 138 toys/lei008HBM_142544036.jpg,347.47,K
142544 - Leilani Gallery 138 toys/lei008HBM_142544037.jpg,356.36,K
142544 - Leilani Gallery 138 toys/lei008HBM_142544038.jpg,391.64,K
142544 - Leilani Gallery 138 toys/lei008HBM_142544039.jpg,380.39,K
142544 - Leilani Gallery 138 toys/lei008HBM_142544040.jpg,323.25,K
142544 - Leilani Gallery 138 toys/lei008HBM_142544041.jpg,344.78,K
142544 - Leilani Gallery 138 toys/lei008HBM_142544042.jpg,350.66,K
142544 - Leilani Gallery 138 toys/lei008HBM_142544043.jpg,374.19,K
142544 - Leilani Gallery 138 toys/lei008HBM_142544044.jpg,346.94,K
142544 - Leilani Gallery 138 toys/lei008HBM_142544045.jpg,345.26,K
142544 - Leilani Gallery 138 toys/lei008HBM_142544046.jpg,410,K
142544 - Leilani Gallery 138 toys/lei008HBM_142544047.jpg,342.27,K
142544 - Leilani Gallery 138 toys/lei008HBM_142544048.jpg,359.18,K
142544 - Leilani Gallery 138 toys/lei008HBM_142544049.jpg,416.14,K
142544 - Leilani Gallery 138 toys/lei008HBM_142544050.jpg,400.15,K
142544 - Leilani Gallery 138 toys/lei008HBM_142544051.jpg,360.36,K
142544 - Leilani Gallery 138 toys/lei008HBM_142544052.jpg,381.53,K
142544 - Leilani Gallery 138 toys/lei008HBM_142544053.jpg,383.65,K
142544 - Leilani Gallery 138 toys/lei008HBM_142544054.jpg,363.19,K
142544 - Leilani Gallery 138 toys/lei008HBM_142544055.jpg,362.35,K
142544 - Leilani Gallery 138 toys/lei008HBM_142544056.jpg,418.87,K
142544 - Leilani Gallery 138 toys/lei008HBM_142544057.jpg,349.11,K
142544 - Leilani Gallery 138 toys/lei008HBM_142544058.jpg,422.56,K
142544 - Leilani Gallery 138 toys/lei008HBM_142544059.jpg,409.31,K
142544 - Leilani Gallery 138 toys/lei008HBM_142544060.jpg,407.73,K
142544 - Leilani Gallery 138 toys/lei008HBM_142544061.jpg,378.36,K
142544 - Leilani Gallery 138 toys/lei008HBM_142544062.jpg,353.56,K
142544 - Leilani Gallery 138 toys/lei008HBM_142544063.jpg,422.75,K
142544 - Leilani Gallery 138 toys/lei008HBM_142544064.jpg,377.35,K
142544 - Leilani Gallery 138 toys/lei008HBM_142544065.jpg,312.39,K
142544 - Leilani Gallery 138 toys/lei008HBM_142544066.jpg,447.97,K
142544 - Leilani Gallery 138 toys/lei008HBM_142544067.jpg,406.63,K
142544 - Leilani Gallery 138 toys/lei008HBM_142544068.jpg,370.09,K
142544 - Leilani Gallery 138 toys/lei008HBM_142544069.jpg,461.57,K
142544 - Leilani Gallery 138 toys/lei008HBM_142544070.jpg,371.62,K
142544 - Leilani Gallery 138 toys/lei008HBM_142544071.jpg,358.95,K
142544 - Leilani Gallery 138 toys/lei008HBM_142544072.jpg,332.03,K
142544 - Leilani Gallery 138 toys/lei008HBM_142544073.jpg,364.37,K
142544 - Leilani Gallery 138 toys/lei008HBM_142544074.jpg,468.64,K
142544 - Leilani Gallery 138 toys/lei008HBM_142544075.jpg,476.19,K
142544 - Leilani Gallery 138 toys/lei008HBM_142544076.jpg,505.09,K
142544 - Leilani Gallery 138 toys/lei008HBM_142544077.jpg,365.37,K
142544 - Leilani Gallery 138 toys/lei008HBM_142544078.jpg,338.27,K
142544 - Leilani Gallery 138 toys/lei008HBM_142544079.jpg,400.41,K
142544 - Leilani Gallery 138 toys/lei008HBM_142544080.jpg,420.61,K
142544 - Leilani Gallery 138 toys/lei008HBM_142544081.jpg,334.79,K
142544 - Leilani Gallery 138 toys/lei008HBM_142544082.jpg,414.03,K
142544 - Leilani Gallery 138 toys/lei008HBM_142544083.jpg,356.28,K
142544 - Leilani Gallery 138 toys/lei008HBM_142544084.jpg,396.99,K
142544 - Leilani Gallery 138 toys/lei008HBM_142544085.jpg,286.12,K
142544 - Leilani Gallery 138 toys/lei008HBM_142544086.jpg,311.35,K
142544 - Leilani Gallery 138 toys/lei008HBM_142544087.jpg,307.41,K
142544 - Leilani Gallery 138 toys/lei008HBM_142544088.jpg,341.98,K
142544 - Leilani Gallery 138 toys/lei008HBM_142544089.jpg,359.33,K
142544 - Leilani Gallery 138 toys/lei008HBM_142544090.jpg,389.16,K
142544 - Leilani Gallery 138 toys/lei008HBM_142544091.jpg,366.15,K
142544 - Leilani Gallery 138 toys/lei008HBM_142544092.jpg,456.2,K
142544 - Leilani Gallery 138 toys/lei008HBM_142544093.jpg,458.21,K
142544 - Leilani Gallery 138 toys/lei008HBM_142544094.jpg,388.64,K
142544 - Leilani Gallery 138 toys/lei008HBM_142544095.jpg,386.42,K
142544 - Leilani Gallery 138 toys/lei008HBM_142544096.jpg,401.6,K
142544 - Leilani Gallery 138 toys/lei008HBM_142544097.jpg,413.3,K
142544 - Leilani Gallery 138 toys/lei008HBM_142544098.jpg,385.44,K
142544 - Leilani Gallery 138 toys/lei008HBM_142544099.jpg,446.74,K
142544 - Leilani Gallery 138 toys/lei008HBM_142544100.jpg,407.64,K
142544 - Leilani Gallery 138 toys/lei008HBM_142544101.jpg,347,K
142544 - Leilani Gallery 138 toys/lei008HBM_142544102.jpg,355.09,K
142544 - Leilani Gallery 138 toys/lei008HBM_142544103.jpg,377.56,K
142544 - Leilani Gallery 138 toys/lei008HBM_142544104.jpg,333.87,K
142544 - Leilani Gallery 138 toys/lei008HBM_142544105.jpg,349.09,K
142544 - Leilani Gallery 138 toys/lei008HBM_142544106.jpg,363.72,K
142544 - Leilani Gallery 138 toys/lei008HBM_142544107.jpg,368.05,K
142544 - Leilani Gallery 138 toys/lei008HBM_142544108.jpg,345.31,K
142544 - Leilani Gallery 138 toys/lei008HBM_142544109.jpg,393.53,K
142544 - Leilani Gallery 138 toys/lei008HBM_142544110.jpg,344.88,K
143664 - Leilani Gallery 72 action/lei008HBM_143664001.jpg,432.57,K
143664 - Leilani Gallery 72 action/lei008HBM_143664002.jpg,452.98,K
143664 - Leilani Gallery 72 action/lei008HBM_143664003.jpg,406.8,K
143664 - Leilani Gallery 72 action/lei008HBM_143664004.jpg,437.71,K
143664 - Leilani Gallery 72 action/lei008HBM_143664005.jpg,436.24,K
143664 - Leilani Gallery 72 action/lei008HBM_143664006.jpg,391.9,K
143664 - Leilani Gallery 72 action/lei008HBM_143664007.jpg,376.82,K
143664 - Leilani Gallery 72 action/lei008HBM_143664008.jpg,419.88,K
143664 - Leilani Gallery 72 action/lei008HBM_143664009.jpg,408.72,K
143664 - Leilani Gallery 72 action/lei008HBM_143664010.jpg,366.83,K
143664 - Leilani Gallery 72 action/lei008HBM_143664011.jpg,414.14,K
143664 - Leilani Gallery 72 action/lei008HBM_143664012.jpg,403.9,K
143664 - Leilani Gallery 72 action/lei008HBM_143664013.jpg,370.62,K
143664 - Leilani Gallery 72 action/lei008HBM_143664014.jpg,369.02,K
143664 - Leilani Gallery 72 action/lei008HBM_143664015.jpg,355.88,K
143664 - Leilani Gallery 72 action/lei008HBM_143664016.jpg,407.29,K
143664 - Leilani Gallery 72 action/lei008HBM_143664017.jpg,345.02,K
143664 - Leilani Gallery 72 action/lei008HBM_143664018.jpg,339.66,K
143664 - Leilani Gallery 72 action/lei008HBM_143664019.jpg,361.06,K
143664 - Leilani Gallery 72 action/lei008HBM_143664020.jpg,401.97,K
143664 - Leilani Gallery 72 action/lei008HBM_143664021.jpg,403.29,K
143664 - Leilani Gallery 72 action/lei008HBM_143664022.jpg,404.68,K
143664 - Leilani Gallery 72 action/lei008HBM_143664023.jpg,408.72,K
143664 - Leilani Gallery 72 action/lei008HBM_143664024.jpg,358.64,K
143664 - Leilani Gallery 72 action/lei008HBM_143664025.jpg,369.35,K
143664 - Leilani Gallery 72 action/lei008HBM_143664026.jpg,318.93,K
143664 - Leilani Gallery 72 action/lei008HBM_143664027.jpg,316.35,K
143664 - Leilani Gallery 72 action/lei008HBM_143664028.jpg,379.29,K
143664 - Leilani Gallery 72 action/lei008HBM_143664029.jpg,407.08,K
143664 - Leilani Gallery 72 action/lei008HBM_143664030.jpg,399.32,K
143664 - Leilani Gallery 72 action/lei008HBM_143664031.jpg,389.24,K
143664 - Leilani Gallery 72 action/lei008HBM_143664032.jpg,380.45,K
143664 - Leilani Gallery 72 action/lei008HBM_143664033.jpg,369.12,K
143664 - Leilani Gallery 72 action/lei008HBM_143664034.jpg,368.04,K
143664 - Leilani Gallery 72 action/lei008HBM_143664035.jpg,366.28,K
143664 - Leilani Gallery 72 action/lei008HBM_143664036.jpg,379.07,K
143664 - Leilani Gallery 72 action/lei008HBM_143664037.jpg,400.73,K
143664 - Leilani Gallery 72 action/lei008HBM_143664038.jpg,397.22,K
143664 - Leilani Gallery 72 action/lei008HBM_143664039.jpg,398.94,K
143664 - Leilani Gallery 72 action/lei008HBM_143664040.jpg,457.63,K
143664 - Leilani Gallery 72 action/lei008HBM_143664041.jpg,429.5,K
143664 - Leilani Gallery 72 action/lei008HBM_143664042.jpg,398.74,K
143664 - Leilani Gallery 72 action/lei008HBM_143664043.jpg,402.84,K
143664 - Leilani Gallery 72 action/lei008HBM_143664044.jpg,401.12,K
143664 - Leilani Gallery 72 action/lei008HBM_143664045.jpg,415.02,K
143664 - Leilani Gallery 72 action/lei008HBM_143664046.jpg,388.79,K
143664 - Leilani Gallery 72 action/lei008HBM_143664047.jpg,402.74,K
143664 - Leilani Gallery 72 action/lei008HBM_143664048.jpg,400.14,K
143664 - Leilani Gallery 72 action/lei008HBM_143664049.jpg,391.29,K
143664 - Leilani Gallery 72 action/lei008HBM_143664050.jpg,396.26,K
143664 - Leilani Gallery 72 action/lei008HBM_143664051.jpg,419.94,K
143664 - Leilani Gallery 72 action/lei008HBM_143664052.jpg,432.76,K
143664 - Leilani Gallery 72 action/lei008HBM_143664053.jpg,405.92,K
143664 - Leilani Gallery 72 action/lei008HBM_143664054.jpg,341.32,K
143664 - Leilani Gallery 72 action/lei008HBM_143664055.jpg,308.15,K
143664 - Leilani Gallery 72 action/lei008HBM_143664056.jpg,394.48,K
143664 - Leilani Gallery 72 action/lei008HBM_143664057.jpg,383.08,K
143664 - Leilani Gallery 72 action/lei008HBM_143664058.jpg,374.39,K
143664 - Leilani Gallery 72 action/lei008HBM_143664059.jpg,371.3,K
143664 - Leilani Gallery 72 action/lei008HBM_143664060.jpg,378.84,K
143664 - Leilani Gallery 72 action/lei008HBM_143664061.jpg,360.64,K
143664 - Leilani Gallery 72 action/lei008HBM_143664062.jpg,367.96,K
143664 - Leilani Gallery 72 action/lei008HBM_143664063.jpg,373.28,K
143664 - Leilani Gallery 72 action/lei008HBM_143664064.jpg,376.97,K
143664 - Leilani Gallery 72 action/lei008HBM_143664065.jpg,392.47,K
143664 - Leilani Gallery 72 action/lei008HBM_143664066.jpg,398.47,K
143664 - Leilani Gallery 72 action/lei008HBM_143664067.jpg,336.51,K
143664 - Leilani Gallery 72 action/lei008HBM_143664068.jpg,411.74,K
143664 - Leilani Gallery 72 action/lei008HBM_143664069.jpg,278.95,K
143664 - Leilani Gallery 72 action/lei008HBM_143664070.jpg,309.81,K
143664 - Leilani Gallery 72 action/lei008HBM_143664071.jpg,302.87,K
143664 - Leilani Gallery 72 action/lei008HBM_143664072.jpg,315.73,K
143664 - Leilani Gallery 72 action/lei008HBM_143664073.jpg,321.98,K
143664 - Leilani Gallery 72 action/lei008HBM_143664074.jpg,369.92,K
143664 - Leilani Gallery 72 action/lei008HBM_143664075.jpg,365.04,K
143664 - Leilani Gallery 72 action/lei008HBM_143664076.jpg,364.47,K
143664 - Leilani Gallery 72 action/lei008HBM_143664077.jpg,385.97,K
143664 - Leilani Gallery 72 action/lei008HBM_143664078.jpg,401.05,K
143664 - Leilani Gallery 72 action/lei008HBM_143664079.jpg,398.76,K
143664 - Leilani Gallery 72 action/lei008HBM_143664080.jpg,332.62,K
143664 - Leilani Gallery 72 action/lei008HBM_143664081.jpg,337.27,K
143664 - Leilani Gallery 72 action/lei008HBM_143664082.jpg,386.79,K
143664 - Leilani Gallery 72 action/lei008HBM_143664083.jpg,396.67,K
143664 - Leilani Gallery 72 action/lei008HBM_143664084.jpg,358.43,K
143664 - Leilani Gallery 72 action/lei008HBM_143664085.jpg,357.04,K
143664 - Leilani Gallery 72 action/lei008HBM_143664086.jpg,357.13,K
143664 - Leilani Gallery 72 action/lei008HBM_143664087.jpg,362.16,K
143664 - Leilani Gallery 72 action/lei008HBM_143664088.jpg,361.16,K
143664 - Leilani Gallery 72 action/lei008HBM_143664089.jpg,351.64,K
143664 - Leilani Gallery 72 action/lei008HBM_143664090.jpg,351.33,K
143664 - Leilani Gallery 72 action/lei008HBM_143664091.jpg,329.24,K
143664 - Leilani Gallery 72 action/lei008HBM_143664092.jpg,366.11,K
143664 - Leilani Gallery 72 action/lei008HBM_143664093.jpg,368.43,K
143664 - Leilani Gallery 72 action/lei008HBM_143664094.jpg,374.61,K
143664 - Leilani Gallery 72 action/lei008HBM_143664095.jpg,384.63,K
143664 - Leilani Gallery 72 action/lei008HBM_143664096.jpg,393.23,K
143664 - Leilani Gallery 72 action/lei008HBM_143664097.jpg,389.98,K
143664 - Leilani Gallery 72 action/lei008HBM_143664098.jpg,392.32,K
143664 - Leilani Gallery 72 action/lei008HBM_143664099.jpg,383.73,K
143664 - Leilani Gallery 72 action/lei008HBM_143664100.jpg,347.36,K
143664 - Leilani Gallery 72 action/lei008HBM_143664101.jpg,293.7,K
143664 - Leilani Gallery 72 action/lei008HBM_143664102.jpg,305.1,K
143664 - Leilani Gallery 72 action/lei008HBM_143664103.jpg,354.54,K
143664 - Leilani Gallery 72 action/lei008HBM_143664104.jpg,344.04,K
143664 - Leilani Gallery 72 action/lei008HBM_143664105.jpg,307.57,K
143664 - Leilani Gallery 72 action/lei008HBM_143664106.jpg,347.5,K
144218 - Leilani Gallery 73 action/lei008HBM_144218001.jpg,321.55,K
144218 - Leilani Gallery 73 action/lei008HBM_144218002.jpg,358.79,K
144218 - Leilani Gallery 73 action/lei008HBM_144218003.jpg,342.67,K
144218 - Leilani Gallery 73 action/lei008HBM_144218004.jpg,343.7,K
144218 - Leilani Gallery 73 action/lei008HBM_144218005.jpg,328.18,K
144218 - Leilani Gallery 73 action/lei008HBM_144218006.jpg,318.77,K
144218 - Leilani Gallery 73 action/lei008HBM_144218007.jpg,320.61,K
144218 - Leilani Gallery 73 action/lei008HBM_144218008.jpg,298.57,K
144218 - Leilani Gallery 73 action/lei008HBM_144218009.jpg,316.25,K
144218 - Leilani Gallery 73 action/lei008HBM_144218010.jpg,334.81,K
144218 - Leilani Gallery 73 action/lei008HBM_144218011.jpg,223.85,K
144218 - Leilani Gallery 73 action/lei008HBM_144218012.jpg,296.46,K
144218 - Leilani Gallery 73 action/lei008HBM_144218013.jpg,334.27,K
144218 - Leilani Gallery 73 action/lei008HBM_144218014.jpg,279.2,K
144218 - Leilani Gallery 73 action/lei008HBM_144218015.jpg,347.72,K
144218 - Leilani Gallery 73 action/lei008HBM_144218016.jpg,288.08,K
144218 - Leilani Gallery 73 action/lei008HBM_144218017.jpg,302.41,K
144218 - Leilani Gallery 73 action/lei008HBM_144218018.jpg,282.82,K
144218 - Leilani Gallery 73 action/lei008HBM_144218019.jpg,277.29,K
144218 - Leilani Gallery 73 action/lei008HBM_144218020.jpg,308.78,K
144218 - Leilani Gallery 73 action/lei008HBM_144218021.jpg,277.88,K
144218 - Leilani Gallery 73 action/lei008HBM_144218022.jpg,288.45,K
144218 - Leilani Gallery 73 action/lei008HBM_144218023.jpg,273.29,K
144218 - Leilani Gallery 73 action/lei008HBM_144218024.jpg,256.92,K
144218 - Leilani Gallery 73 action/lei008HBM_144218025.jpg,258.58,K
144218 - Leilani Gallery 73 action/lei008HBM_144218026.jpg,250.25,K
144218 - Leilani Gallery 73 action/lei008HBM_144218027.jpg,280.39,K
144218 - Leilani Gallery 73 action/lei008HBM_144218028.jpg,265.84,K
144218 - Leilani Gallery 73 action/lei008HBM_144218029.jpg,260.98,K
144218 - Leilani Gallery 73 action/lei008HBM_144218030.jpg,233.31,K
144218 - Leilani Gallery 73 action/lei008HBM_144218031.jpg,301.09,K
144218 - Leilani Gallery 73 action/lei008HBM_144218032.jpg,269.35,K
144218 - Leilani Gallery 73 action/lei008HBM_144218033.jpg,262.31,K
144218 - Leilani Gallery 73 action/lei008HBM_144218034.jpg,187.45,K
144218 - Leilani Gallery 73 action/lei008HBM_144218035.jpg,202,K
144218 - Leilani Gallery 73 action/lei008HBM_144218036.jpg,221.66,K
144218 - Leilani Gallery 73 action/lei008HBM_144218037.jpg,331.69,K
144218 - Leilani Gallery 73 action/lei008HBM_144218038.jpg,347.65,K
144218 - Leilani Gallery 73 action/lei008HBM_144218039.jpg,343.52,K
144218 - Leilani Gallery 73 action/lei008HBM_144218040.jpg,271.38,K
144218 - Leilani Gallery 73 action/lei008HBM_144218041.jpg,247,K
144218 - Leilani Gallery 73 action/lei008HBM_144218042.jpg,282.1,K
144218 - Leilani Gallery 73 action/lei008HBM_144218043.jpg,225,K
144218 - Leilani Gallery 73 action/lei008HBM_144218044.jpg,209.37,K
144218 - Leilani Gallery 73 action/lei008HBM_144218045.jpg,200.41,K
144218 - Leilani Gallery 73 action/lei008HBM_144218046.jpg,276.83,K
144218 - Leilani Gallery 73 action/lei008HBM_144218047.jpg,304.98,K
144218 - Leilani Gallery 73 action/lei008HBM_144218048.jpg,261.64,K
144218 - Leilani Gallery 73 action/lei008HBM_144218049.jpg,246.85,K
144218 - Leilani Gallery 73 action/lei008HBM_144218050.jpg,225.42,K
144218 - Leilani Gallery 73 action/lei008HBM_144218051.jpg,256.14,K
144218 - Leilani Gallery 73 action/lei008HBM_144218052.jpg,227.61,K
144218 - Leilani Gallery 73 action/lei008HBM_144218053.jpg,236.45,K
144218 - Leilani Gallery 73 action/lei008HBM_144218054.jpg,265.16,K
144218 - Leilani Gallery 73 action/lei008HBM_144218055.jpg,216.72,K
144218 - Leilani Gallery 73 action/lei008HBM_144218056.jpg,206.87,K
144218 - Leilani Gallery 73 action/lei008HBM_144218057.jpg,222.08,K
144218 - Leilani Gallery 73 action/lei008HBM_144218058.jpg,209.31,K
144218 - Leilani Gallery 73 action/lei008HBM_144218059.jpg,219.2,K
144218 - Leilani Gallery 73 action/lei008HBM_144218060.jpg,208.64,K
144218 - Leilani Gallery 73 action/lei008HBM_144218061.jpg,267.13,K
144218 - Leilani Gallery 73 action/lei008HBM_144218062.jpg,300.51,K
144218 - Leilani Gallery 73 action/lei008HBM_144218063.jpg,283.34,K
144218 - Leilani Gallery 73 action/lei008HBM_144218064.jpg,270.16,K
144218 - Leilani Gallery 73 action/lei008HBM_144218065.jpg,321.52,K
144218 - Leilani Gallery 73 action/lei008HBM_144218066.jpg,287.66,K
144218 - Leilani Gallery 73 action/lei008HBM_144218067.jpg,289.61,K
144218 - Leilani Gallery 73 action/lei008HBM_144218068.jpg,299.15,K
144218 - Leilani Gallery 73 action/lei008HBM_144218069.jpg,233.53,K
144218 - Leilani Gallery 73 action/lei008HBM_144218070.jpg,188.12,K
144218 - Leilani Gallery 73 action/lei008HBM_144218071.jpg,295.66,K
144218 - Leilani Gallery 73 action/lei008HBM_144218072.jpg,295.16,K
144218 - Leilani Gallery 73 action/lei008HBM_144218073.jpg,216.1,K
144218 - Leilani Gallery 73 action/lei008HBM_144218074.jpg,250.65,K
144218 - Leilani Gallery 73 action/lei008HBM_144218075.jpg,274.27,K
144218 - Leilani Gallery 73 action/lei008HBM_144218076.jpg,279.52,K
144218 - Leilani Gallery 73 action/lei008HBM_144218077.jpg,200.53,K
144218 - Leilani Gallery 73 action/lei008HBM_144218078.jpg,262.39,K
144218 - Leilani Gallery 73 action/lei008HBM_144218079.jpg,232.3,K
144218 - Leilani Gallery 73 action/lei008HBM_144218080.jpg,312.45,K
144218 - Leilani Gallery 73 action/lei008HBM_144218081.jpg,290.41,K
144218 - Leilani Gallery 73 action/lei008HBM_144218082.jpg,278.88,K
144218 - Leilani Gallery 73 action/lei008HBM_144218083.jpg,300.59,K
144218 - Leilani Gallery 73 action/lei008HBM_144218084.jpg,276.99,K
144218 - Leilani Gallery 73 action/lei008HBM_144218085.jpg,310.14,K
144218 - Leilani Gallery 73 action/lei008HBM_144218086.jpg,277.06,K
144218 - Leilani Gallery 73 action/lei008HBM_144218087.jpg,349.03,K
144218 - Leilani Gallery 73 action/lei008HBM_144218088.jpg,293.02,K
144218 - Leilani Gallery 73 action/lei008HBM_144218089.jpg,309.9,K
144218 - Leilani Gallery 73 action/lei008HBM_144218090.jpg,238.69,K
144218 - Leilani Gallery 73 action/lei008HBM_144218091.jpg,286.7,K
144218 - Leilani Gallery 73 action/lei008HBM_144218092.jpg,302.63,K
144218 - Leilani Gallery 73 action/lei008HBM_144218093.jpg,252.64,K
144218 - Leilani Gallery 73 action/lei008HBM_144218094.jpg,303.28,K
144218 - Leilani Gallery 73 action/lei008HBM_144218095.jpg,282.32,K
144218 - Leilani Gallery 73 action/lei008HBM_144218096.jpg,249.95,K
144218 - Leilani Gallery 73 action/lei008HBM_144218097.jpg,282.04,K
144218 - Leilani Gallery 73 action/lei008HBM_144218098.jpg,248.6,K
144218 - Leilani Gallery 73 action/lei008HBM_144218099.jpg,291.39,K
144218 - Leilani Gallery 73 action/lei008HBM_144218100.jpg,325.71,K
144218 - Leilani Gallery 73 action/lei008HBM_144218101.jpg,319.79,K
144218 - Leilani Gallery 73 action/lei008HBM_144218102.jpg,316.77,K
144218 - Leilani Gallery 73 action/lei008HBM_144218103.jpg,324.3,K
144218 - Leilani Gallery 73 action/lei008HBM_144218104.jpg,299.63,K
144218 - Leilani Gallery 73 action/lei008HBM_144218105.jpg,305.56,K
144218 - Leilani Gallery 73 action/lei008HBM_144218106.jpg,308.24,K
144218 - Leilani Gallery 73 action/lei008HBM_144218107.jpg,305.5,K
144218 - Leilani Gallery 73 action/lei008HBM_144218108.jpg,234.34,K
144218 - Leilani Gallery 73 action/lei008HBM_144218109.jpg,232.04,K
144218 - Leilani Gallery 73 action/lei008HBM_144218110.jpg,270.06,K
144218 - Leilani Gallery 73 action/lei008HBM_144218111.jpg,317.1,K
144218 - Leilani Gallery 73 action/lei008HBM_144218112.jpg,233.13,K
144218 - Leilani Gallery 73 action/lei008HBM_144218113.jpg,243.02,K
144218 - Leilani Gallery 73 action/lei008HBM_144218114.jpg,295.13,K
144218 - Leilani Gallery 73 action/lei008HBM_144218115.jpg,329.2,K
144218 - Leilani Gallery 73 action/lei008HBM_144218116.jpg,316.43,K
144218 - Leilani Gallery 73 action/lei008HBM_144218117.jpg,324.73,K
144218 - Leilani Gallery 73 action/lei008HBM_144218118.jpg,305.86,K
144218 - Leilani Gallery 73 action/lei008HBM_144218119.jpg,264.68,K
144218 - Leilani Gallery 73 action/lei008HBM_144218120.jpg,312.19,K
144218 - Leilani Gallery 73 action/lei008HBM_144218121.jpg,316.18,K
144218 - Leilani Gallery 73 action/lei008HBM_144218122.jpg,237.5,K
144218 - Leilani Gallery 73 action/lei008HBM_144218123.jpg,312.92,K
144218 - Leilani Gallery 73 action/lei008HBM_144218124.jpg,259.73,K
144218 - Leilani Gallery 73 action/lei008HBM_144218125.jpg,242.01,K
144218 - Leilani Gallery 73 action/lei008HBM_144218126.jpg,233.59,K
144218 - Leilani Gallery 73 action/lei008HBM_144218127.jpg,265.44,K
144218 - Leilani Gallery 73 action/lei008HBM_144218128.jpg,235.48,K
144218 - Leilani Gallery 73 action/lei008HBM_144218129.jpg,200.34,K
144218 - Leilani Gallery 73 action/lei008HBM_144218130.jpg,181,K
144218 - Leilani Gallery 73 action/lei008HBM_144218131.jpg,214.08,K
144218 - Leilani Gallery 73 action/lei008HBM_144218132.jpg,211.46,K
144218 - Leilani Gallery 73 action/lei008HBM_144218133.jpg,219.43,K
144218 - Leilani Gallery 73 action/lei008HBM_144218134.jpg,225.29,K
144218 - Leilani Gallery 73 action/lei008HBM_144218135.jpg,223.11,K
144218 - Leilani Gallery 73 action/lei008HBM_144218136.jpg,186.19,K
144218 - Leilani Gallery 73 action/lei008HBM_144218137.jpg,197.93,K
144218 - Leilani Gallery 73 action/lei008HBM_144218138.jpg,196.57,K
144218 - Leilani Gallery 73 action/lei008HBM_144218139.jpg,178.47,K
144218 - Leilani Gallery 73 action/lei008HBM_144218140.jpg,197.63,K
144218 - Leilani Gallery 73 action/lei008HBM_144218141.jpg,199.54,K
144218 - Leilani Gallery 73 action/lei008HBM_144218142.jpg,191.21,K
145107 - Leilani Gallery 33 blowjob/lei008HBM_145107001.jpg,300.7,K
145107 - Leilani Gallery 33 blowjob/lei008HBM_145107002.jpg,337.04,K
145107 - Leilani Gallery 33 blowjob/lei008HBM_145107003.jpg,299.5,K
145107 - Leilani Gallery 33 blowjob/lei008HBM_145107004.jpg,366.77,K
145107 - Leilani Gallery 33 blowjob/lei008HBM_145107005.jpg,371.53,K
145107 - Leilani Gallery 33 blowjob/lei008HBM_145107006.jpg,373.45,K
145107 - Leilani Gallery 33 blowjob/lei008HBM_145107007.jpg,368.38,K
145107 - Leilani Gallery 33 blowjob/lei008HBM_145107008.jpg,351.51,K
145107 - Leilani Gallery 33 blowjob/lei008HBM_145107009.jpg,340.95,K
145107 - Leilani Gallery 33 blowjob/lei008HBM_145107010.jpg,393.26,K
145107 - Leilani Gallery 33 blowjob/lei008HBM_145107011.jpg,342.64,K
145107 - Leilani Gallery 33 blowjob/lei008HBM_145107012.jpg,305.78,K
145107 - Leilani Gallery 33 blowjob/lei008HBM_145107013.jpg,338.61,K
145107 - Leilani Gallery 33 blowjob/lei008HBM_145107014.jpg,368.14,K
145107 - Leilani Gallery 33 blowjob/lei008HBM_145107015.jpg,302.99,K
145107 - Leilani Gallery 33 blowjob/lei008HBM_145107016.jpg,351.25,K
145107 - Leilani Gallery 33 blowjob/lei008HBM_145107017.jpg,320.68,K
145107 - Leilani Gallery 33 blowjob/lei008HBM_145107018.jpg,362.13,K
145107 - Leilani Gallery 33 blowjob/lei008HBM_145107019.jpg,372.05,K
145107 - Leilani Gallery 33 blowjob/lei008HBM_145107020.jpg,395.61,K
145107 - Leilani Gallery 33 blowjob/lei008HBM_145107021.jpg,424.78,K
145107 - Leilani Gallery 33 blowjob/lei008HBM_145107022.jpg,435.17,K
145107 - Leilani Gallery 33 blowjob/lei008HBM_145107023.jpg,364.65,K
145107 - Leilani Gallery 33 blowjob/lei008HBM_145107024.jpg,405.63,K
145107 - Leilani Gallery 33 blowjob/lei008HBM_145107025.jpg,378,K
145107 - Leilani Gallery 33 blowjob/lei008HBM_145107026.jpg,440.79,K
145107 - Leilani Gallery 33 blowjob/lei008HBM_145107027.jpg,396.42,K
145107 - Leilani Gallery 33 blowjob/lei008HBM_145107028.jpg,379.72,K
145107 - Leilani Gallery 33 blowjob/lei008HBM_145107029.jpg,449.1,K
145107 - Leilani Gallery 33 blowjob/lei008HBM_145107030.jpg,387.26,K
145107 - Leilani Gallery 33 blowjob/lei008HBM_145107031.jpg,435.66,K
145107 - Leilani Gallery 33 blowjob/lei008HBM_145107032.jpg,434.72,K
145107 - Leilani Gallery 33 blowjob/lei008HBM_145107033.jpg,375.19,K
145107 - Leilani Gallery 33 blowjob/lei008HBM_145107034.jpg,363.18,K
145107 - Leilani Gallery 33 blowjob/lei008HBM_145107035.jpg,403.66,K
145107 - Leilani Gallery 33 blowjob/lei008HBM_145107036.jpg,528.64,K
145107 - Leilani Gallery 33 blowjob/lei008HBM_145107037.jpg,520.08,K
145107 - Leilani Gallery 33 blowjob/lei008HBM_145107038.jpg,565.38,K
145107 - Leilani Gallery 33 blowjob/lei008HBM_145107039.jpg,312.92,K
145107 - Leilani Gallery 33 blowjob/lei008HBM_145107040.jpg,337.76,K
145107 - Leilani Gallery 33 blowjob/lei008HBM_145107041.jpg,507.17,K
145107 - Leilani Gallery 33 blowjob/lei008HBM_145107042.jpg,593.25,K
145107 - Leilani Gallery 33 blowjob/lei008HBM_145107043.jpg,326.17,K
145107 - Leilani Gallery 33 blowjob/lei008HBM_145107044.jpg,344.15,K
145107 - Leilani Gallery 33 blowjob/lei008HBM_145107045.jpg,439.68,K
145107 - Leilani Gallery 33 blowjob/lei008HBM_145107046.jpg,331.74,K
145107 - Leilani Gallery 33 blowjob/lei008HBM_145107047.jpg,338.16,K
145107 - Leilani Gallery 33 blowjob/lei008HBM_145107048.jpg,306.46,K
145107 - Leilani Gallery 33 blowjob/lei008HBM_145107049.jpg,330.36,K
145107 - Leilani Gallery 33 blowjob/lei008HBM_145107050.jpg,329.26,K
145107 - Leilani Gallery 33 blowjob/lei008HBM_145107051.jpg,278.28,K
145107 - Leilani Gallery 33 blowjob/lei008HBM_145107052.jpg,333.71,K
145107 - Leilani Gallery 33 blowjob/lei008HBM_145107053.jpg,412.2,K
145107 - Leilani Gallery 33 blowjob/lei008HBM_145107054.jpg,398.92,K
145107 - Leilani Gallery 33 blowjob/lei008HBM_145107055.jpg,356.46,K
145107 - Leilani Gallery 33 blowjob/lei008HBM_145107056.jpg,340.36,K
145107 - Leilani Gallery 33 blowjob/lei008HBM_145107057.jpg,369.76,K
145107 - Leilani Gallery 33 blowjob/lei008HBM_145107058.jpg,391.47,K
145107 - Leilani Gallery 33 blowjob/lei008HBM_145107059.jpg,409.03,K
145107 - Leilani Gallery 33 blowjob/lei008HBM_145107060.jpg,433.94,K
145107 - Leilani Gallery 33 blowjob/lei008HBM_145107061.jpg,387.8,K
145107 - Leilani Gallery 33 blowjob/lei008HBM_145107062.jpg,389.03,K
145107 - Leilani Gallery 33 blowjob/lei008HBM_145107063.jpg,386.44,K
145107 - Leilani Gallery 33 blowjob/lei008HBM_145107064.jpg,344.74,K
145107 - Leilani Gallery 33 blowjob/lei008HBM_145107065.jpg,355.44,K
145107 - Leilani Gallery 33 blowjob/lei008HBM_145107066.jpg,378.37,K
145107 - Leilani Gallery 33 blowjob/lei008HBM_145107067.jpg,333.2,K
145107 - Leilani Gallery 33 blowjob/lei008HBM_145107068.jpg,379.49,K
145107 - Leilani Gallery 33 blowjob/lei008HBM_145107069.jpg,368.18,K
145107 - Leilani Gallery 33 blowjob/lei008HBM_145107070.jpg,366.83,K
145107 - Leilani Gallery 33 blowjob/lei008HBM_145107071.jpg,380.04,K
145107 - Leilani Gallery 33 blowjob/lei008HBM_145107072.jpg,374.2,K
145107 - Leilani Gallery 33 blowjob/lei008HBM_145107073.jpg,349.81,K
145107 - Leilani Gallery 33 blowjob/lei008HBM_145107074.jpg,357.27,K
145107 - Leilani Gallery 33 blowjob/lei008HBM_145107075.jpg,335.17,K
145107 - Leilani Gallery 33 blowjob/lei008HBM_145107076.jpg,324.79,K
145107 - Leilani Gallery 33 blowjob/lei008HBM_145107077.jpg,376.41,K
145107 - Leilani Gallery 33 blowjob/lei008HBM_145107078.jpg,391.39,K
145107 - Leilani Gallery 33 blowjob/lei008HBM_145107079.jpg,308.28,K
145107 - Leilani Gallery 33 blowjob/lei008HBM_145107080.jpg,353.22,K
145107 - Leilani Gallery 33 blowjob/lei008HBM_145107081.jpg,367.32,K
145107 - Leilani Gallery 33 blowjob/lei008HBM_145107082.jpg,312.18,K
145107 - Leilani Gallery 33 blowjob/lei008HBM_145107083.jpg,287.68,K
145107 - Leilani Gallery 33 blowjob/lei008HBM_145107084.jpg,329.05,K
145107 - Leilani Gallery 33 blowjob/lei008HBM_145107085.jpg,301.53,K
145107 - Leilani Gallery 33 blowjob/lei008HBM_145107086.jpg,324.75,K
145107 - Leilani Gallery 33 blowjob/lei008HBM_145107087.jpg,366.12,K
145107 - Leilani Gallery 33 blowjob/lei008HBM_145107088.jpg,350.94,K
145107 - Leilani Gallery 33 blowjob/lei008HBM_145107089.jpg,345.79,K
145107 - Leilani Gallery 33 blowjob/lei008HBM_145107090.jpg,346.16,K
145107 - Leilani Gallery 33 blowjob/lei008HBM_145107091.jpg,332.2,K
145107 - Leilani Gallery 33 blowjob/lei008HBM_145107092.jpg,359.78,K
145107 - Leilani Gallery 33 blowjob/lei008HBM_145107093.jpg,305.79,K
145107 - Leilani Gallery 33 blowjob/lei008HBM_145107094.jpg,332.57,K
145107 - Leilani Gallery 33 blowjob/lei008HBM_145107095.jpg,271.49,K
145107 - Leilani Gallery 33 blowjob/lei008HBM_145107096.jpg,306.76,K
145107 - Leilani Gallery 33 blowjob/lei008HBM_145107097.jpg,343.8,K
145107 - Leilani Gallery 33 blowjob/lei008HBM_145107098.jpg,333.24,K
145107 - Leilani Gallery 33 blowjob/lei008HBM_145107099.jpg,332.91,K
145107 - Leilani Gallery 33 blowjob/lei008HBM_145107100.jpg,336.61,K
145107 - Leilani Gallery 33 blowjob/lei008HBM_145107101.jpg,350.93,K
145107 - Leilani Gallery 33 blowjob/lei008HBM_145107102.jpg,395.61,K
145107 - Leilani Gallery 33 blowjob/lei008HBM_145107103.jpg,356.89,K
145107 - Leilani Gallery 33 blowjob/lei008HBM_145107104.jpg,291.43,K
145107 - Leilani Gallery 33 blowjob/lei008HBM_145107105.jpg,327.38,K
145107 - Leilani Gallery 33 blowjob/lei008HBM_145107106.jpg,305.58,K
145107 - Leilani Gallery 33 blowjob/lei008HBM_145107107.jpg,345.03,K
145107 - Leilani Gallery 33 blowjob/lei008HBM_145107108.jpg,371.07,K
145107 - Leilani Gallery 33 blowjob/lei008HBM_145107109.jpg,421.07,K
145107 - Leilani Gallery 33 blowjob/lei008HBM_145107110.jpg,400.79,K
145107 - Leilani Gallery 33 blowjob/lei008HBM_145107111.jpg,340.16,K
145107 - Leilani Gallery 33 blowjob/lei008HBM_145107112.jpg,404.34,K
145107 - Leilani Gallery 33 blowjob/lei008HBM_145107113.jpg,389.18,K
145107 - Leilani Gallery 33 blowjob/lei008HBM_145107114.jpg,390.24,K
145107 - Leilani Gallery 33 blowjob/lei008HBM_145107115.jpg,404.39,K
145107 - Leilani Gallery 33 blowjob/lei008HBM_145107116.jpg,379.37,K
145107 - Leilani Gallery 33 blowjob/lei008HBM_145107117.jpg,356.28,K
145107 - Leilani Gallery 33 blowjob/lei008HBM_145107118.jpg,321.98,K
145107 - Leilani Gallery 33 blowjob/lei008HBM_145107119.jpg,334.52,K
146932 - Leilani Gallery 53 footfetish/lei008GGA_146932001.jpg,466.73,K
146932 - Leilani Gallery 53 footfetish/lei008GGA_146932002.jpg,459.3,K
146932 - Leilani Gallery 53 footfetish/lei008GGA_146932003.jpg,473.67,K
146932 - Leilani Gallery 53 footfetish/lei008GGA_146932004.jpg,633.71,K
146932 - Leilani Gallery 53 footfetish/lei008GGA_146932005.jpg,579.08,K
146932 - Leilani Gallery 53 footfetish/lei008GGA_146932006.jpg,542.71,K
146932 - Leilani Gallery 53 footfetish/lei008GGA_146932007.jpg,567.28,K
146932 - Leilani Gallery 53 footfetish/lei008GGA_146932008.jpg,534.65,K
146932 - Leilani Gallery 53 footfetish/lei008GGA_146932009.jpg,446.59,K
146932 - Leilani Gallery 53 footfetish/lei008GGA_146932010.jpg,466.13,K
146932 - Leilani Gallery 53 footfetish/lei008GGA_146932011.jpg,494.08,K
146932 - Leilani Gallery 53 footfetish/lei008GGA_146932012.jpg,559.43,K
146932 - Leilani Gallery 53 footfetish/lei008GGA_146932013.jpg,491.1,K
146932 - Leilani Gallery 53 footfetish/lei008GGA_146932014.jpg,481.15,K
146932 - Leilani Gallery 53 footfetish/lei008GGA_146932015.jpg,459.91,K
146932 - Leilani Gallery 53 footfetish/lei008GGA_146932016.jpg,457.65,K
146932 - Leilani Gallery 53 footfetish/lei008GGA_146932017.jpg,477.46,K
146932 - Leilani Gallery 53 footfetish/lei008GGA_146932018.jpg,450.32,K
146932 - Leilani Gallery 53 footfetish/lei008GGA_146932019.jpg,465.69,K
146932 - Leilani Gallery 53 footfetish/lei008GGA_146932020.jpg,484.44,K
146932 - Leilani Gallery 53 footfetish/lei008GGA_146932021.jpg,389.63,K
146932 - Leilani Gallery 53 footfetish/lei008GGA_146932022.jpg,384.34,K
146932 - Leilani Gallery 53 footfetish/lei008GGA_146932023.jpg,360.43,K
146932 - Leilani Gallery 53 footfetish/lei008GGA_146932024.jpg,402.74,K
146932 - Leilani Gallery 53 footfetish/lei008GGA_146932025.jpg,405.21,K
146932 - Leilani Gallery 53 footfetish/lei008GGA_146932026.jpg,402.03,K
146932 - Leilani Gallery 53 footfetish/lei008GGA_146932027.jpg,468.63,K
146932 - Leilani Gallery 53 footfetish/lei008GGA_146932028.jpg,450.75,K
146932 - Leilani Gallery 53 footfetish/lei008GGA_146932029.jpg,383.68,K
146932 - Leilani Gallery 53 footfetish/lei008GGA_146932030.jpg,409.81,K
146932 - Leilani Gallery 53 footfetish/lei008GGA_146932031.jpg,438.49,K
146932 - Leilani Gallery 53 footfetish/lei008GGA_146932032.jpg,468.14,K
146932 - Leilani Gallery 53 footfetish/lei008GGA_146932033.jpg,373.26,K
146932 - Leilani Gallery 53 footfetish/lei008GGA_146932034.jpg,389.92,K
146932 - Leilani Gallery 53 footfetish/lei008GGA_146932035.jpg,411,K
146932 - Leilani Gallery 53 footfetish/lei008GGA_146932036.jpg,384.59,K
146932 - Leilani Gallery 53 footfetish/lei008GGA_146932037.jpg,439.17,K
146932 - Leilani Gallery 53 footfetish/lei008GGA_146932038.jpg,451.87,K
146932 - Leilani Gallery 53 footfetish/lei008GGA_146932039.jpg,442.75,K
146932 - Leilani Gallery 53 footfetish/lei008GGA_146932040.jpg,500.07,K
146932 - Leilani Gallery 53 footfetish/lei008GGA_146932041.jpg,433.39,K
146932 - Leilani Gallery 53 footfetish/lei008GGA_146932042.jpg,403.96,K
146932 - Leilani Gallery 53 footfetish/lei008GGA_146932043.jpg,422.07,K
146932 - Leilani Gallery 53 footfetish/lei008GGA_146932044.jpg,365.04,K
146932 - Leilani Gallery 53 footfetish/lei008GGA_146932045.jpg,415.65,K
146932 - Leilani Gallery 53 footfetish/lei008GGA_146932046.jpg,413.45,K
146932 - Leilani Gallery 53 footfetish/lei008GGA_146932047.jpg,375.55,K
146932 - Leilani Gallery 53 footfetish/lei008GGA_146932048.jpg,439.61,K
146932 - Leilani Gallery 53 footfetish/lei008GGA_146932049.jpg,479.07,K
146932 - Leilani Gallery 53 footfetish/lei008GGA_146932050.jpg,355.64,K
146932 - Leilani Gallery 53 footfetish/lei008GGA_146932051.jpg,561.33,K
146932 - Leilani Gallery 53 footfetish/lei008GGA_146932052.jpg,554.75,K
146932 - Leilani Gallery 53 footfetish/lei008GGA_146932053.jpg,570.04,K
146932 - Leilani Gallery 53 footfetish/lei008GGA_146932054.jpg,524.02,K
146932 - Leilani Gallery 53 footfetish/lei008GGA_146932055.jpg,500.79,K
146932 - Leilani Gallery 53 footfetish/lei008GGA_146932056.jpg,479.16,K
146932 - Leilani Gallery 53 footfetish/lei008GGA_146932057.jpg,512.37,K
146932 - Leilani Gallery 53 footfetish/lei008GGA_146932058.jpg,483.7,K
146932 - Leilani Gallery 53 footfetish/lei008GGA_146932059.jpg,528.79,K
146932 - Leilani Gallery 53 footfetish/lei008GGA_146932060.jpg,545,K
146932 - Leilani Gallery 53 footfetish/lei008GGA_146932061.jpg,558.09,K
146932 - Leilani Gallery 53 footfetish/lei008GGA_146932062.jpg,447.81,K
146932 - Leilani Gallery 53 footfetish/lei008GGA_146932063.jpg,472.55,K
146932 - Leilani Gallery 53 footfetish/lei008GGA_146932064.jpg,454.37,K
146932 - Leilani Gallery 53 footfetish/lei008GGA_146932065.jpg,449.89,K
146932 - Leilani Gallery 53 footfetish/lei008GGA_146932066.jpg,557.39,K
146932 - Leilani Gallery 53 footfetish/lei008GGA_146932067.jpg,567.32,K
146932 - Leilani Gallery 53 footfetish/lei008GGA_146932068.jpg,562.68,K
146932 - Leilani Gallery 53 footfetish/lei008GGA_146932069.jpg,523.95,K
146932 - Leilani Gallery 53 footfetish/lei008GGA_146932070.jpg,545.13,K
146932 - Leilani Gallery 53 footfetish/lei008GGA_146932071.jpg,490.46,K
146932 - Leilani Gallery 53 footfetish/lei008GGA_146932072.jpg,468.32,K
146932 - Leilani Gallery 53 footfetish/lei008GGA_146932073.jpg,469.51,K
146932 - Leilani Gallery 53 footfetish/lei008GGA_146932074.jpg,397.1,K
146932 - Leilani Gallery 53 footfetish/lei008GGA_146932075.jpg,433.7,K
146932 - Leilani Gallery 53 footfetish/lei008GGA_146932076.jpg,483.54,K
146932 - Leilani Gallery 53 footfetish/lei008GGA_146932077.jpg,405.61,K
146932 - Leilani Gallery 53 footfetish/lei008GGA_146932078.jpg,446.63,K
146932 - Leilani Gallery 53 footfetish/lei008GGA_146932079.jpg,533.43,K
146932 - Leilani Gallery 53 footfetish/lei008GGA_146932080.jpg,558.6,K
146932 - Leilani Gallery 53 footfetish/lei008GGA_146932081.jpg,537.65,K
146932 - Leilani Gallery 53 footfetish/lei008GGA_146932082.jpg,421.27,K
146932 - Leilani Gallery 53 footfetish/lei008GGA_146932083.jpg,494.85,K
146932 - Leilani Gallery 53 footfetish/lei008GGA_146932084.jpg,417.02,K
146932 - Leilani Gallery 53 footfetish/lei008GGA_146932085.jpg,475.25,K
146932 - Leilani Gallery 53 footfetish/lei008GGA_146932086.jpg,391.77,K
146932 - Leilani Gallery 53 footfetish/lei008GGA_146932087.jpg,355.94,K
146932 - Leilani Gallery 53 footfetish/lei008GGA_146932088.jpg,408.25,K
146932 - Leilani Gallery 53 footfetish/lei008GGA_146932089.jpg,511.87,K
146932 - Leilani Gallery 53 footfetish/lei008GGA_146932090.jpg,492.16,K
146932 - Leilani Gallery 53 footfetish/lei008GGA_146932091.jpg,453.6,K
146932 - Leilani Gallery 53 footfetish/lei008GGA_146932092.jpg,513.44,K
146932 - Leilani Gallery 53 footfetish/lei008GGA_146932093.jpg,521.13,K
146932 - Leilani Gallery 53 footfetish/lei008GGA_146932094.jpg,553.19,K
146932 - Leilani Gallery 53 footfetish/lei008GGA_146932095.jpg,486,K
146932 - Leilani Gallery 53 footfetish/lei008GGA_146932096.jpg,514.16,K
146932 - Leilani Gallery 53 footfetish/lei008GGA_146932097.jpg,486.54,K
146932 - Leilani Gallery 53 footfetish/lei008GGA_146932098.jpg,480.64,K
146932 - Leilani Gallery 53 footfetish/lei008GGA_146932099.jpg,531.22,K
146932 - Leilani Gallery 53 footfetish/lei008GGA_146932100.jpg,514.52,K
146932 - Leilani Gallery 53 footfetish/lei008GGA_146932101.jpg,231.95,K
146932 - Leilani Gallery 53 footfetish/lei008GGA_146932102.jpg,316.88,K
146932 - Leilani Gallery 53 footfetish/lei008GGA_146932103.jpg,527.91,K
147671 - Leilani Gallery 53 footfetish/lei008GGA_147671001.jpg,313.5,K
147671 - Leilani Gallery 53 footfetish/lei008GGA_147671002.jpg,334.14,K
147671 - Leilani Gallery 53 footfetish/lei008GGA_147671003.jpg,330.23,K
147671 - Leilani Gallery 53 footfetish/lei008GGA_147671004.jpg,332.3,K
147671 - Leilani Gallery 53 footfetish/lei008GGA_147671005.jpg,335.92,K
147671 - Leilani Gallery 53 footfetish/lei008GGA_147671006.jpg,326.9,K
147671 - Leilani Gallery 53 footfetish/lei008GGA_147671007.jpg,314.09,K
147671 - Leilani Gallery 53 footfetish/lei008GGA_147671008.jpg,306.07,K
147671 - Leilani Gallery 53 footfetish/lei008GGA_147671009.jpg,313.18,K
147671 - Leilani Gallery 53 footfetish/lei008GGA_147671010.jpg,310.76,K
147671 - Leilani Gallery 53 footfetish/lei008GGA_147671011.jpg,305.47,K
147671 - Leilani Gallery 53 footfetish/lei008GGA_147671012.jpg,304,K
147671 - Leilani Gallery 53 footfetish/lei008GGA_147671013.jpg,296.57,K
147671 - Leilani Gallery 53 footfetish/lei008GGA_147671014.jpg,295.52,K
147671 - Leilani Gallery 53 footfetish/lei008GGA_147671015.jpg,306.46,K
147671 - Leilani Gallery 53 footfetish/lei008GGA_147671016.jpg,303.32,K
147671 - Leilani Gallery 53 footfetish/lei008GGA_147671017.jpg,304.65,K
147671 - Leilani Gallery 53 footfetish/lei008GGA_147671018.jpg,258.79,K
147671 - Leilani Gallery 53 footfetish/lei008GGA_147671019.jpg,236.67,K
147671 - Leilani Gallery 53 footfetish/lei008GGA_147671020.jpg,257.94,K
147671 - Leilani Gallery 53 footfetish/lei008GGA_147671021.jpg,291.86,K
147671 - Leilani Gallery 53 footfetish/lei008GGA_147671022.jpg,293.01,K
147671 - Leilani Gallery 53 footfetish/lei008GGA_147671023.jpg,282.4,K
147671 - Leilani Gallery 53 footfetish/lei008GGA_147671024.jpg,262.56,K
147671 - Leilani Gallery 53 footfetish/lei008GGA_147671025.jpg,289.15,K
147671 - Leilani Gallery 53 footfetish/lei008GGA_147671026.jpg,295.5,K
147671 - Leilani Gallery 53 footfetish/lei008GGA_147671027.jpg,299.88,K
147671 - Leilani Gallery 53 footfetish/lei008GGA_147671028.jpg,292.25,K
147671 - Leilani Gallery 53 footfetish/lei008GGA_147671029.jpg,298.4,K
147671 - Leilani Gallery 53 footfetish/lei008GGA_147671030.jpg,304.61,K
147671 - Leilani Gallery 53 footfetish/lei008GGA_147671031.jpg,304.15,K
147671 - Leilani Gallery 53 footfetish/lei008GGA_147671032.jpg,286.23,K
147671 - Leilani Gallery 53 footfetish/lei008GGA_147671033.jpg,319.31,K
147671 - Leilani Gallery 53 footfetish/lei008GGA_147671034.jpg,301.72,K
147671 - Leilani Gallery 53 footfetish/lei008GGA_147671035.jpg,291.59,K
147671 - Leilani Gallery 53 footfetish/lei008GGA_147671036.jpg,298.8,K
147671 - Leilani Gallery 53 footfetish/lei008GGA_147671037.jpg,297.36,K
147671 - Leilani Gallery 53 footfetish/lei008GGA_147671038.jpg,301.64,K
147671 - Leilani Gallery 53 footfetish/lei008GGA_147671039.jpg,298.08,K
147671 - Leilani Gallery 53 footfetish/lei008GGA_147671040.jpg,305.74,K
147671 - Leilani Gallery 53 footfetish/lei008GGA_147671041.jpg,299.95,K
147671 - Leilani Gallery 53 footfetish/lei008GGA_147671042.jpg,314.67,K
147671 - Leilani Gallery 53 footfetish/lei008GGA_147671043.jpg,283.63,K
147671 - Leilani Gallery 53 footfetish/lei008GGA_147671044.jpg,273.01,K
147671 - Leilani Gallery 53 footfetish/lei008GGA_147671045.jpg,271.62,K
147671 - Leilani Gallery 53 footfetish/lei008GGA_147671046.jpg,290.87,K
147671 - Leilani Gallery 53 footfetish/lei008GGA_147671047.jpg,288.35,K
147671 - Leilani Gallery 53 footfetish/lei008GGA_147671048.jpg,309.7,K
147671 - Leilani Gallery 53 footfetish/lei008GGA_147671049.jpg,318.55,K
147671 - Leilani Gallery 53 footfetish/lei008GGA_147671050.jpg,346.76,K
147671 - Leilani Gallery 53 footfetish/lei008GGA_147671051.jpg,331.7,K
147671 - Leilani Gallery 53 footfetish/lei008GGA_147671052.jpg,321.37,K
147671 - Leilani Gallery 53 footfetish/lei008GGA_147671053.jpg,323.3,K
147671 - Leilani Gallery 53 footfetish/lei008GGA_147671054.jpg,292.95,K
147671 - Leilani Gallery 53 footfetish/lei008GGA_147671055.jpg,249.01,K
147671 - Leilani Gallery 53 footfetish/lei008GGA_147671056.jpg,305.02,K
147671 - Leilani Gallery 53 footfetish/lei008GGA_147671057.jpg,293.97,K
147671 - Leilani Gallery 53 footfetish/lei008GGA_147671058.jpg,259.06,K
147671 - Leilani Gallery 53 footfetish/lei008GGA_147671059.jpg,303.7,K
147671 - Leilani Gallery 53 footfetish/lei008GGA_147671060.jpg,311.94,K
147671 - Leilani Gallery 53 footfetish/lei008GGA_147671061.jpg,297.28,K
147671 - Leilani Gallery 53 footfetish/lei008GGA_147671062.jpg,280.06,K
147671 - Leilani Gallery 53 footfetish/lei008GGA_147671063.jpg,283.86,K
147671 - Leilani Gallery 53 footfetish/lei008GGA_147671064.jpg,291.8,K
147671 - Leilani Gallery 53 footfetish/lei008GGA_147671065.jpg,298.42,K
147671 - Leilani Gallery 53 footfetish/lei008GGA_147671066.jpg,281.89,K
147671 - Leilani Gallery 53 footfetish/lei008GGA_147671067.jpg,313.61,K
147671 - Leilani Gallery 53 footfetish/lei008GGA_147671068.jpg,315.29,K
147671 - Leilani Gallery 53 footfetish/lei008GGA_147671069.jpg,312.72,K
147671 - Leilani Gallery 53 footfetish/lei008GGA_147671070.jpg,309.53,K
147671 - Leilani Gallery 53 footfetish/lei008GGA_147671071.jpg,330.7,K
147671 - Leilani Gallery 53 footfetish/lei008GGA_147671072.jpg,334.5,K
147671 - Leilani Gallery 53 footfetish/lei008GGA_147671073.jpg,345.5,K
147671 - Leilani Gallery 53 footfetish/lei008GGA_147671074.jpg,338.69,K
147671 - Leilani Gallery 53 footfetish/lei008GGA_147671075.jpg,337.94,K
147671 - Leilani Gallery 53 footfetish/lei008GGA_147671076.jpg,336.62,K
147671 - Leilani Gallery 53 footfetish/lei008GGA_147671077.jpg,342.27,K
147671 - Leilani Gallery 53 footfetish/lei008GGA_147671078.jpg,362.27,K
147671 - Leilani Gallery 53 footfetish/lei008GGA_147671079.jpg,342.43,K
147671 - Leilani Gallery 53 footfetish/lei008GGA_147671080.jpg,340.55,K
147671 - Leilani Gallery 53 footfetish/lei008GGA_147671081.jpg,313.63,K
147671 - Leilani Gallery 53 footfetish/lei008GGA_147671082.jpg,308.83,K
147671 - Leilani Gallery 53 footfetish/lei008GGA_147671083.jpg,323.32,K
147671 - Leilani Gallery 53 footfetish/lei008GGA_147671084.jpg,319.24,K
147671 - Leilani Gallery 53 footfetish/lei008GGA_147671085.jpg,276.3,K
147671 - Leilani Gallery 53 footfetish/lei008GGA_147671086.jpg,350.25,K
147671 - Leilani Gallery 53 footfetish/lei008GGA_147671087.jpg,296.26,K
147671 - Leilani Gallery 53 footfetish/lei008GGA_147671088.jpg,296.87,K
147671 - Leilani Gallery 53 footfetish/lei008GGA_147671089.jpg,262.53,K
147671 - Leilani Gallery 53 footfetish/lei008GGA_147671090.jpg,236.91,K
147671 - Leilani Gallery 53 footfetish/lei008GGA_147671091.jpg,248.01,K
147671 - Leilani Gallery 53 footfetish/lei008GGA_147671092.jpg,294.63,K
147671 - Leilani Gallery 53 footfetish/lei008GGA_147671093.jpg,298.28,K
147671 - Leilani Gallery 53 footfetish/lei008GGA_147671094.jpg,239.74,K
147671 - Leilani Gallery 53 footfetish/lei008GGA_147671095.jpg,219.61,K
147671 - Leilani Gallery 53 footfetish/lei008GGA_147671096.jpg,236.3,K
147671 - Leilani Gallery 53 footfetish/lei008GGA_147671097.jpg,275.1,K
147671 - Leilani Gallery 53 footfetish/lei008GGA_147671098.jpg,288.42,K
147671 - Leilani Gallery 53 footfetish/lei008GGA_147671099.jpg,241.61,K
148088 - Leilani Gallery 142 toys/lei008GGA_148088001.jpg,475.49,K
148088 - Leilani Gallery 142 toys/lei008GGA_148088002.jpg,471.62,K
148088 - Leilani Gallery 142 toys/lei008GGA_148088003.jpg,486.83,K
148088 - Leilani Gallery 142 toys/lei008GGA_148088004.jpg,485.17,K
148088 - Leilani Gallery 142 toys/lei008GGA_148088005.jpg,487.61,K
148088 - Leilani Gallery 142 toys/lei008GGA_148088006.jpg,511.73,K
148088 - Leilani Gallery 142 toys/lei008GGA_148088007.jpg,494.78,K
148088 - Leilani Gallery 142 toys/lei008GGA_148088008.jpg,534.53,K
148088 - Leilani Gallery 142 toys/lei008GGA_148088009.jpg,533.12,K
148088 - Leilani Gallery 142 toys/lei008GGA_148088010.jpg,523.46,K
148088 - Leilani Gallery 142 toys/lei008GGA_148088011.jpg,545.88,K
148088 - Leilani Gallery 142 toys/lei008GGA_148088012.jpg,516.25,K
148088 - Leilani Gallery 142 toys/lei008GGA_148088013.jpg,535.53,K
148088 - Leilani Gallery 142 toys/lei008GGA_148088014.jpg,536.74,K
148088 - Leilani Gallery 142 toys/lei008GGA_148088015.jpg,504.27,K
148088 - Leilani Gallery 142 toys/lei008GGA_148088016.jpg,493.58,K
148088 - Leilani Gallery 142 toys/lei008GGA_148088017.jpg,444.75,K
148088 - Leilani Gallery 142 toys/lei008GGA_148088018.jpg,505.48,K
148088 - Leilani Gallery 142 toys/lei008GGA_148088019.jpg,518.83,K
148088 - Leilani Gallery 142 toys/lei008GGA_148088020.jpg,403.87,K
148088 - Leilani Gallery 142 toys/lei008GGA_148088021.jpg,365.26,K
148088 - Leilani Gallery 142 toys/lei008GGA_148088022.jpg,451.67,K
148088 - Leilani Gallery 142 toys/lei008GGA_148088023.jpg,459.28,K
148088 - Leilani Gallery 142 toys/lei008GGA_148088024.jpg,514.71,K
148088 - Leilani Gallery 142 toys/lei008GGA_148088025.jpg,440.37,K
148088 - Leilani Gallery 142 toys/lei008GGA_148088026.jpg,384.5,K
148088 - Leilani Gallery 142 toys/lei008GGA_148088027.jpg,416.82,K
148088 - Leilani Gallery 142 toys/lei008GGA_148088028.jpg,373.87,K
148088 - Leilani Gallery 142 toys/lei008GGA_148088029.jpg,404.76,K
148088 - Leilani Gallery 142 toys/lei008GGA_148088030.jpg,342.1,K
148088 - Leilani Gallery 142 toys/lei008GGA_148088031.jpg,300.68,K
148088 - Leilani Gallery 142 toys/lei008GGA_148088032.jpg,513.74,K
148088 - Leilani Gallery 142 toys/lei008GGA_148088033.jpg,537.15,K
148088 - Leilani Gallery 142 toys/lei008GGA_148088034.jpg,467.17,K
148088 - Leilani Gallery 142 toys/lei008GGA_148088035.jpg,507.69,K
148088 - Leilani Gallery 142 toys/lei008GGA_148088036.jpg,450.75,K
148088 - Leilani Gallery 142 toys/lei008GGA_148088037.jpg,438.75,K
148088 - Leilani Gallery 142 toys/lei008GGA_148088038.jpg,232.43,K
148088 - Leilani Gallery 142 toys/lei008GGA_148088039.jpg,450.33,K
148088 - Leilani Gallery 142 toys/lei008GGA_148088040.jpg,478.54,K
148088 - Leilani Gallery 142 toys/lei008GGA_148088041.jpg,520.14,K
148088 - Leilani Gallery 142 toys/lei008GGA_148088042.jpg,478.31,K
148088 - Leilani Gallery 142 toys/lei008GGA_148088043.jpg,388.83,K
148088 - Leilani Gallery 142 toys/lei008GGA_148088044.jpg,499.95,K
148088 - Leilani Gallery 142 toys/lei008GGA_148088045.jpg,545.49,K
148088 - Leilani Gallery 142 toys/lei008GGA_148088046.jpg,506.99,K
148088 - Leilani Gallery 142 toys/lei008GGA_148088047.jpg,529.13,K
148088 - Leilani Gallery 142 toys/lei008GGA_148088048.jpg,519.78,K
148088 - Leilani Gallery 142 toys/lei008GGA_148088049.jpg,531.67,K
148088 - Leilani Gallery 142 toys/lei008GGA_148088050.jpg,510.99,K
148088 - Leilani Gallery 142 toys/lei008GGA_148088051.jpg,512.77,K
148088 - Leilani Gallery 142 toys/lei008GGA_148088052.jpg,502.46,K
148088 - Leilani Gallery 142 toys/lei008GGA_148088053.jpg,494.86,K
148088 - Leilani Gallery 142 toys/lei008GGA_148088054.jpg,466.09,K
148088 - Leilani Gallery 142 toys/lei008GGA_148088055.jpg,472.03,K
148088 - Leilani Gallery 142 toys/lei008GGA_148088056.jpg,496.21,K
148088 - Leilani Gallery 142 toys/lei008GGA_148088057.jpg,477.81,K
148088 - Leilani Gallery 142 toys/lei008GGA_148088058.jpg,437.55,K
148088 - Leilani Gallery 142 toys/lei008GGA_148088059.jpg,456.87,K
148088 - Leilani Gallery 142 toys/lei008GGA_148088060.jpg,539.2,K
148088 - Leilani Gallery 142 toys/lei008GGA_148088061.jpg,553.45,K
148088 - Leilani Gallery 142 toys/lei008GGA_148088062.jpg,314.21,K
148088 - Leilani Gallery 142 toys/lei008GGA_148088063.jpg,496.18,K
148088 - Leilani Gallery 142 toys/lei008GGA_148088064.jpg,511.11,K
148088 - Leilani Gallery 142 toys/lei008GGA_148088065.jpg,473.21,K
148088 - Leilani Gallery 142 toys/lei008GGA_148088066.jpg,491.34,K
148088 - Leilani Gallery 142 toys/lei008GGA_148088067.jpg,541.44,K
148088 - Leilani Gallery 142 toys/lei008GGA_148088068.jpg,529.79,K
148088 - Leilani Gallery 142 toys/lei008GGA_148088069.jpg,581.61,K
148088 - Leilani Gallery 142 toys/lei008GGA_148088070.jpg,575.3,K
148088 - Leilani Gallery 142 toys/lei008GGA_148088071.jpg,635.25,K
148088 - Leilani Gallery 142 toys/lei008GGA_148088072.jpg,565.14,K
148088 - Leilani Gallery 142 toys/lei008GGA_148088073.jpg,603.58,K
148088 - Leilani Gallery 142 toys/lei008GGA_148088074.jpg,608.03,K
148088 - Leilani Gallery 142 toys/lei008GGA_148088075.jpg,623.4,K
148088 - Leilani Gallery 142 toys/lei008GGA_148088076.jpg,559.14,K
148088 - Leilani Gallery 142 toys/lei008GGA_148088077.jpg,608.57,K
148088 - Leilani Gallery 142 toys/lei008GGA_148088078.jpg,456.65,K
148088 - Leilani Gallery 142 toys/lei008GGA_148088079.jpg,556.71,K
148088 - Leilani Gallery 142 toys/lei008GGA_148088080.jpg,584.09,K
148088 - Leilani Gallery 142 toys/lei008GGA_148088081.jpg,627.87,K
148088 - Leilani Gallery 142 toys/lei008GGA_148088082.jpg,593.75,K
148088 - Leilani Gallery 142 toys/lei008GGA_148088083.jpg,582.28,K
148088 - Leilani Gallery 142 toys/lei008GGA_148088084.jpg,578.38,K
148088 - Leilani Gallery 142 toys/lei008GGA_148088085.jpg,612.97,K
148088 - Leilani Gallery 142 toys/lei008GGA_148088086.jpg,602.26,K
148088 - Leilani Gallery 142 toys/lei008GGA_148088087.jpg,612.18,K
148088 - Leilani Gallery 142 toys/lei008GGA_148088088.jpg,643.19,K
148088 - Leilani Gallery 142 toys/lei008GGA_148088089.jpg,432.98,K
148088 - Leilani Gallery 142 toys/lei008GGA_148088090.jpg,576.9,K
148088 - Leilani Gallery 142 toys/lei008GGA_148088091.jpg,599.01,K
148088 - Leilani Gallery 142 toys/lei008GGA_148088092.jpg,589,K
148088 - Leilani Gallery 142 toys/lei008GGA_148088093.jpg,563,K
148088 - Leilani Gallery 142 toys/lei008GGA_148088094.jpg,547.3,K
148088 - Leilani Gallery 142 toys/lei008GGA_148088095.jpg,502.9,K
148088 - Leilani Gallery 142 toys/lei008GGA_148088096.jpg,555.34,K
148088 - Leilani Gallery 142 toys/lei008GGA_148088097.jpg,508.78,K
148088 - Leilani Gallery 142 toys/lei008GGA_148088098.jpg,387.8,K
148088 - Leilani Gallery 142 toys/lei008GGA_148088099.jpg,392.36,K
148088 - Leilani Gallery 142 toys/lei008GGA_148088100.jpg,414.88,K
148088 - Leilani Gallery 142 toys/lei008GGA_148088101.jpg,461.63,K
148088 - Leilani Gallery 142 toys/lei008GGA_148088102.jpg,458.48,K
148088 - Leilani Gallery 142 toys/lei008GGA_148088103.jpg,453.12,K
148088 - Leilani Gallery 142 toys/lei008GGA_148088104.jpg,477.12,K
149070 - Leilani Gallery 143 toys/lei008GGA_149070001.jpg,342.47,K
149070 - Leilani Gallery 143 toys/lei008GGA_149070002.jpg,332.75,K
149070 - Leilani Gallery 143 toys/lei008GGA_149070003.jpg,324.19,K
149070 - Leilani Gallery 143 toys/lei008GGA_149070004.jpg,335.49,K
149070 - Leilani Gallery 143 toys/lei008GGA_149070005.jpg,363.18,K
149070 - Leilani Gallery 143 toys/lei008GGA_149070006.jpg,362.54,K
149070 - Leilani Gallery 143 toys/lei008GGA_149070007.jpg,350.11,K
149070 - Leilani Gallery 143 toys/lei008GGA_149070008.jpg,368.61,K
149070 - Leilani Gallery 143 toys/lei008GGA_149070009.jpg,369.51,K
149070 - Leilani Gallery 143 toys/lei008GGA_149070010.jpg,337.72,K
149070 - Leilani Gallery 143 toys/lei008GGA_149070011.jpg,348.63,K
149070 - Leilani Gallery 143 toys/lei008GGA_149070012.jpg,345.43,K
149070 - Leilani Gallery 143 toys/lei008GGA_149070013.jpg,338.1,K
149070 - Leilani Gallery 143 toys/lei008GGA_149070014.jpg,339.89,K
149070 - Leilani Gallery 143 toys/lei008GGA_149070015.jpg,343.94,K
149070 - Leilani Gallery 143 toys/lei008GGA_149070016.jpg,323.17,K
149070 - Leilani Gallery 143 toys/lei008GGA_149070017.jpg,325.66,K
149070 - Leilani Gallery 143 toys/lei008GGA_149070018.jpg,322.67,K
149070 - Leilani Gallery 143 toys/lei008GGA_149070019.jpg,320.25,K
149070 - Leilani Gallery 143 toys/lei008GGA_149070020.jpg,323.86,K
149070 - Leilani Gallery 143 toys/lei008GGA_149070021.jpg,320.49,K
149070 - Leilani Gallery 143 toys/lei008GGA_149070022.jpg,320.87,K
149070 - Leilani Gallery 143 toys/lei008GGA_149070023.jpg,327.89,K
149070 - Leilani Gallery 143 toys/lei008GGA_149070024.jpg,327.42,K
149070 - Leilani Gallery 143 toys/lei008GGA_149070025.jpg,326.35,K
149070 - Leilani Gallery 143 toys/lei008GGA_149070026.jpg,320.34,K
149070 - Leilani Gallery 143 toys/lei008GGA_149070027.jpg,352.48,K
149070 - Leilani Gallery 143 toys/lei008GGA_149070028.jpg,346.26,K
149070 - Leilani Gallery 143 toys/lei008GGA_149070029.jpg,361.55,K
149070 - Leilani Gallery 143 toys/lei008GGA_149070030.jpg,392.96,K
149070 - Leilani Gallery 143 toys/lei008GGA_149070031.jpg,385.1,K
149070 - Leilani Gallery 143 toys/lei008GGA_149070032.jpg,407.6,K
149070 - Leilani Gallery 143 toys/lei008GGA_149070033.jpg,369.33,K
149070 - Leilani Gallery 143 toys/lei008GGA_149070034.jpg,395.15,K
149070 - Leilani Gallery 143 toys/lei008GGA_149070035.jpg,420.86,K
149070 - Leilani Gallery 143 toys/lei008GGA_149070036.jpg,385.07,K
149070 - Leilani Gallery 143 toys/lei008GGA_149070037.jpg,393.74,K
149070 - Leilani Gallery 143 toys/lei008GGA_149070038.jpg,413.31,K
149070 - Leilani Gallery 143 toys/lei008GGA_149070039.jpg,425.84,K
149070 - Leilani Gallery 143 toys/lei008GGA_149070040.jpg,425.96,K
149070 - Leilani Gallery 143 toys/lei008GGA_149070041.jpg,425.26,K
149070 - Leilani Gallery 143 toys/lei008GGA_149070042.jpg,335.48,K
149070 - Leilani Gallery 143 toys/lei008GGA_149070043.jpg,409.25,K
149070 - Leilani Gallery 143 toys/lei008GGA_149070044.jpg,379.5,K
149070 - Leilani Gallery 143 toys/lei008GGA_149070045.jpg,363.33,K
149070 - Leilani Gallery 143 toys/lei008GGA_149070046.jpg,372.31,K
149070 - Leilani Gallery 143 toys/lei008GGA_149070047.jpg,317.75,K
149070 - Leilani Gallery 143 toys/lei008GGA_149070048.jpg,334.34,K
149070 - Leilani Gallery 143 toys/lei008GGA_149070049.jpg,382.58,K
149070 - Leilani Gallery 143 toys/lei008GGA_149070050.jpg,370.1,K
149070 - Leilani Gallery 143 toys/lei008GGA_149070051.jpg,403.03,K
149070 - Leilani Gallery 143 toys/lei008GGA_149070052.jpg,360.2,K
149070 - Leilani Gallery 143 toys/lei008GGA_149070053.jpg,420.47,K
149070 - Leilani Gallery 143 toys/lei008GGA_149070054.jpg,318.75,K
149070 - Leilani Gallery 143 toys/lei008GGA_149070055.jpg,349.44,K
149070 - Leilani Gallery 143 toys/lei008GGA_149070056.jpg,344.96,K
149070 - Leilani Gallery 143 toys/lei008GGA_149070057.jpg,357.21,K
149070 - Leilani Gallery 143 toys/lei008GGA_149070058.jpg,312.19,K
149070 - Leilani Gallery 143 toys/lei008GGA_149070059.jpg,368.2,K
149070 - Leilani Gallery 143 toys/lei008GGA_149070060.jpg,376.28,K
149070 - Leilani Gallery 143 toys/lei008GGA_149070061.jpg,326.92,K
149070 - Leilani Gallery 143 toys/lei008GGA_149070062.jpg,185.83,K
149070 - Leilani Gallery 143 toys/lei008GGA_149070063.jpg,376.42,K
149070 - Leilani Gallery 143 toys/lei008GGA_149070064.jpg,343.95,K
149070 - Leilani Gallery 143 toys/lei008GGA_149070065.jpg,212.51,K
149070 - Leilani Gallery 143 toys/lei008GGA_149070066.jpg,306.84,K
149070 - Leilani Gallery 143 toys/lei008GGA_149070067.jpg,408.3,K
149070 - Leilani Gallery 143 toys/lei008GGA_149070068.jpg,381.99,K
149070 - Leilani Gallery 143 toys/lei008GGA_149070069.jpg,354.31,K
149070 - Leilani Gallery 143 toys/lei008GGA_149070070.jpg,368.91,K
149070 - Leilani Gallery 143 toys/lei008GGA_149070071.jpg,396.48,K
149070 - Leilani Gallery 143 toys/lei008GGA_149070072.jpg,395.27,K
149070 - Leilani Gallery 143 toys/lei008GGA_149070073.jpg,378.23,K
149070 - Leilani Gallery 143 toys/lei008GGA_149070074.jpg,372.68,K
149070 - Leilani Gallery 143 toys/lei008GGA_149070075.jpg,396.81,K
149070 - Leilani Gallery 143 toys/lei008GGA_149070076.jpg,413.78,K
149070 - Leilani Gallery 143 toys/lei008GGA_149070077.jpg,339.92,K
149070 - Leilani Gallery 143 toys/lei008GGA_149070078.jpg,360.9,K
149070 - Leilani Gallery 143 toys/lei008GGA_149070079.jpg,221.02,K
149070 - Leilani Gallery 143 toys/lei008GGA_149070080.jpg,245.97,K
149070 - Leilani Gallery 143 toys/lei008GGA_149070081.jpg,285.26,K
149070 - Leilani Gallery 143 toys/lei008GGA_149070082.jpg,289.57,K
149070 - Leilani Gallery 143 toys/lei008GGA_149070083.jpg,260.16,K
149070 - Leilani Gallery 143 toys/lei008GGA_149070084.jpg,253.17,K
149070 - Leilani Gallery 143 toys/lei008GGA_149070085.jpg,275.64,K
149070 - Leilani Gallery 143 toys/lei008GGA_149070086.jpg,274.92,K
149070 - Leilani Gallery 143 toys/lei008GGA_149070087.jpg,237.79,K
149070 - Leilani Gallery 143 toys/lei008GGA_149070088.jpg,255.57,K
149070 - Leilani Gallery 143 toys/lei008GGA_149070089.jpg,252.25,K
149070 - Leilani Gallery 143 toys/lei008GGA_149070090.jpg,246.31,K
149070 - Leilani Gallery 143 toys/lei008GGA_149070091.jpg,239.46,K
149070 - Leilani Gallery 143 toys/lei008GGA_149070092.jpg,249.2,K
149070 - Leilani Gallery 143 toys/lei008GGA_149070093.jpg,208.61,K
149070 - Leilani Gallery 143 toys/lei008GGA_149070094.jpg,213.93,K
149070 - Leilani Gallery 143 toys/lei008GGA_149070095.jpg,196.19,K
149070 - Leilani Gallery 143 toys/lei008GGA_149070096.jpg,237.61,K
149070 - Leilani Gallery 143 toys/lei008GGA_149070097.jpg,249.25,K
149070 - Leilani Gallery 143 toys/lei008GGA_149070098.jpg,288.65,K
149070 - Leilani Gallery 143 toys/lei008GGA_149070099.jpg,273.76,K
149070 - Leilani Gallery 143 toys/lei008GGA_149070100.jpg,283.91,K
149070 - Leilani Gallery 143 toys/lei008GGA_149070101.jpg,201.08,K
149070 - Leilani Gallery 143 toys/lei008GGA_149070102.jpg,251.81,K
149070 - Leilani Gallery 143 toys/lei008GGA_149070103.jpg,231.7,K
149782 - Leilani Gallery 24 island girls/lei008GGA_149782001.jpg,341.87,K
149782 - Leilani Gallery 24 island girls/lei008GGA_149782002.jpg,341.57,K
149782 - Leilani Gallery 24 island girls/lei008GGA_149782003.jpg,331.85,K
149782 - Leilani Gallery 24 island girls/lei008GGA_149782004.jpg,352.88,K
149782 - Leilani Gallery 24 island girls/lei008GGA_149782005.jpg,335.86,K
149782 - Leilani Gallery 24 island girls/lei008GGA_149782006.jpg,334.9,K
149782 - Leilani Gallery 24 island girls/lei008GGA_149782007.jpg,338.79,K
149782 - Leilani Gallery 24 island girls/lei008GGA_149782008.jpg,316.45,K
149782 - Leilani Gallery 24 island girls/lei008GGA_149782009.jpg,330,K
149782 - Leilani Gallery 24 island girls/lei008GGA_149782010.jpg,353.53,K
149782 - Leilani Gallery 24 island girls/lei008GGA_149782011.jpg,342.99,K
149782 - Leilani Gallery 24 island girls/lei008GGA_149782012.jpg,356.59,K
149782 - Leilani Gallery 24 island girls/lei008GGA_149782013.jpg,372.81,K
149782 - Leilani Gallery 24 island girls/lei008GGA_149782014.jpg,350.34,K
149782 - Leilani Gallery 24 island girls/lei008GGA_149782015.jpg,343.67,K
149782 - Leilani Gallery 24 island girls/lei008GGA_149782016.jpg,346.1,K
149782 - Leilani Gallery 24 island girls/lei008GGA_149782017.jpg,361.56,K
149782 - Leilani Gallery 24 island girls/lei008GGA_149782018.jpg,349.25,K
149782 - Leilani Gallery 24 island girls/lei008GGA_149782019.jpg,348.01,K
149782 - Leilani Gallery 24 island girls/lei008GGA_149782020.jpg,345.56,K
149782 - Leilani Gallery 24 island girls/lei008GGA_149782021.jpg,353.5,K
149782 - Leilani Gallery 24 island girls/lei008GGA_149782022.jpg,346.52,K
149782 - Leilani Gallery 24 island girls/lei008GGA_149782023.jpg,349.13,K
149782 - Leilani Gallery 24 island girls/lei008GGA_149782024.jpg,330.57,K
149782 - Leilani Gallery 24 island girls/lei008GGA_149782025.jpg,344.58,K
149782 - Leilani Gallery 24 island girls/lei008GGA_149782026.jpg,355.11,K
149782 - Leilani Gallery 24 island girls/lei008GGA_149782027.jpg,352.88,K
149782 - Leilani Gallery 24 island girls/lei008GGA_149782028.jpg,352.55,K
149782 - Leilani Gallery 24 island girls/lei008GGA_149782029.jpg,339.81,K
149782 - Leilani Gallery 24 island girls/lei008GGA_149782030.jpg,365.12,K
149782 - Leilani Gallery 24 island girls/lei008GGA_149782031.jpg,345.2,K
149782 - Leilani Gallery 24 island girls/lei008GGA_149782032.jpg,355.49,K
149782 - Leilani Gallery 24 island girls/lei008GGA_149782033.jpg,362.1,K
149782 - Leilani Gallery 24 island girls/lei008GGA_149782034.jpg,365.38,K
149782 - Leilani Gallery 24 island girls/lei008GGA_149782035.jpg,338.23,K
149782 - Leilani Gallery 24 island girls/lei008GGA_149782036.jpg,333.93,K
149782 - Leilani Gallery 24 island girls/lei008GGA_149782037.jpg,315.96,K
149782 - Leilani Gallery 24 island girls/lei008GGA_149782038.jpg,327.28,K
149782 - Leilani Gallery 24 island girls/lei008GGA_149782039.jpg,317.52,K
149782 - Leilani Gallery 24 island girls/lei008GGA_149782040.jpg,296.47,K
149782 - Leilani Gallery 24 island girls/lei008GGA_149782041.jpg,292.53,K
149782 - Leilani Gallery 24 island girls/lei008GGA_149782042.jpg,307.23,K
149782 - Leilani Gallery 24 island girls/lei008GGA_149782043.jpg,328.21,K
149782 - Leilani Gallery 24 island girls/lei008GGA_149782044.jpg,323.24,K
149782 - Leilani Gallery 24 island girls/lei008GGA_149782045.jpg,340.58,K
149782 - Leilani Gallery 24 island girls/lei008GGA_149782046.jpg,331.27,K
149782 - Leilani Gallery 24 island girls/lei008GGA_149782047.jpg,336.31,K
149782 - Leilani Gallery 24 island girls/lei008GGA_149782048.jpg,326.43,K
149782 - Leilani Gallery 24 island girls/lei008GGA_149782049.jpg,342.86,K
149782 - Leilani Gallery 24 island girls/lei008GGA_149782050.jpg,331.27,K
149782 - Leilani Gallery 24 island girls/lei008GGA_149782051.jpg,326.72,K
149782 - Leilani Gallery 24 island girls/lei008GGA_149782052.jpg,311.33,K
149782 - Leilani Gallery 24 island girls/lei008GGA_149782053.jpg,310.27,K
149782 - Leilani Gallery 24 island girls/lei008GGA_149782054.jpg,254.31,K
149782 - Leilani Gallery 24 island girls/lei008GGA_149782055.jpg,295.6,K
149782 - Leilani Gallery 24 island girls/lei008GGA_149782056.jpg,297.01,K
149782 - Leilani Gallery 24 island girls/lei008GGA_149782057.jpg,332.49,K
149782 - Leilani Gallery 24 island girls/lei008GGA_149782058.jpg,323.03,K
149782 - Leilani Gallery 24 island girls/lei008GGA_149782059.jpg,334.47,K
149782 - Leilani Gallery 24 island girls/lei008GGA_149782060.jpg,303.72,K
149782 - Leilani Gallery 24 island girls/lei008GGA_149782061.jpg,309.16,K
149782 - Leilani Gallery 24 island girls/lei008GGA_149782062.jpg,255.01,K
149782 - Leilani Gallery 24 island girls/lei008GGA_149782063.jpg,270.98,K
149782 - Leilani Gallery 24 island girls/lei008GGA_149782064.jpg,321.95,K
149782 - Leilani Gallery 24 island girls/lei008GGA_149782065.jpg,317.86,K
149782 - Leilani Gallery 24 island girls/lei008GGA_149782066.jpg,296.72,K
149782 - Leilani Gallery 24 island girls/lei008GGA_149782067.jpg,298.71,K
149782 - Leilani Gallery 24 island girls/lei008GGA_149782068.jpg,280.71,K
149782 - Leilani Gallery 24 island girls/lei008GGA_149782069.jpg,295.88,K
149782 - Leilani Gallery 24 island girls/lei008GGA_149782070.jpg,313.44,K
149782 - Leilani Gallery 24 island girls/lei008GGA_149782071.jpg,265.09,K
149782 - Leilani Gallery 24 island girls/lei008GGA_149782072.jpg,280.19,K
149782 - Leilani Gallery 24 island girls/lei008GGA_149782073.jpg,279.07,K
149782 - Leilani Gallery 24 island girls/lei008GGA_149782074.jpg,290.75,K
149782 - Leilani Gallery 24 island girls/lei008GGA_149782075.jpg,271.24,K
149782 - Leilani Gallery 24 island girls/lei008GGA_149782076.jpg,272.97,K
149782 - Leilani Gallery 24 island girls/lei008GGA_149782077.jpg,260.26,K
149782 - Leilani Gallery 24 island girls/lei008GGA_149782078.jpg,279.49,K
149782 - Leilani Gallery 24 island girls/lei008GGA_149782079.jpg,301.26,K
149782 - Leilani Gallery 24 island girls/lei008GGA_149782080.jpg,313.2,K
149782 - Leilani Gallery 24 island girls/lei008GGA_149782081.jpg,293.92,K
149782 - Leilani Gallery 24 island girls/lei008GGA_149782082.jpg,292.53,K
149782 - Leilani Gallery 24 island girls/lei008GGA_149782083.jpg,310.34,K
149782 - Leilani Gallery 24 island girls/lei008GGA_149782084.jpg,290.85,K
149782 - Leilani Gallery 24 island girls/lei008GGA_149782085.jpg,307.53,K
149782 - Leilani Gallery 24 island girls/lei008GGA_149782086.jpg,291.45,K
149782 - Leilani Gallery 24 island girls/lei008GGA_149782087.jpg,290.63,K
149782 - Leilani Gallery 24 island girls/lei008GGA_149782088.jpg,224.92,K
149782 - Leilani Gallery 24 island girls/lei008GGA_149782089.jpg,156.31,K
149782 - Leilani Gallery 24 island girls/lei008GGA_149782090.jpg,154.7,K
149782 - Leilani Gallery 24 island girls/lei008GGA_149782091.jpg,280.99,K
149782 - Leilani Gallery 24 island girls/lei008GGA_149782092.jpg,219.96,K
149782 - Leilani Gallery 24 island girls/lei008GGA_149782093.jpg,221.96,K
149782 - Leilani Gallery 24 island girls/lei008GGA_149782094.jpg,200.72,K
149782 - Leilani Gallery 24 island girls/lei008GGA_149782095.jpg,193.83,K
149782 - Leilani Gallery 24 island girls/lei008GGA_149782096.jpg,256.32,K
149782 - Leilani Gallery 24 island girls/lei008GGA_149782097.jpg,296.57,K
149782 - Leilani Gallery 24 island girls/lei008GGA_149782098.jpg,338.76,K
149782 - Leilani Gallery 24 island girls/lei008GGA_149782099.jpg,323.33,K
149782 - Leilani Gallery 24 island girls/lei008GGA_149782100.jpg,237.31,K
149782 - Leilani Gallery 24 island girls/lei008GGA_149782101.jpg,211.14,K
150652 - Leilani Gallery 51 masturbation/lei008GGA_150652001.jpg,396.67,K
150652 - Leilani Gallery 51 masturbation/lei008GGA_150652002.jpg,410.87,K
150652 - Leilani Gallery 51 masturbation/lei008GGA_150652003.jpg,406.62,K
150652 - Leilani Gallery 51 masturbation/lei008GGA_150652004.jpg,404.28,K
150652 - Leilani Gallery 51 masturbation/lei008GGA_150652005.jpg,396.33,K
150652 - Leilani Gallery 51 masturbation/lei008GGA_150652006.jpg,407.99,K
150652 - Leilani Gallery 51 masturbation/lei008GGA_150652007.jpg,386.04,K
150652 - Leilani Gallery 51 masturbation/lei008GGA_150652008.jpg,397.92,K
150652 - Leilani Gallery 51 masturbation/lei008GGA_150652009.jpg,374.32,K
150652 - Leilani Gallery 51 masturbation/lei008GGA_150652010.jpg,386.18,K
150652 - Leilani Gallery 51 masturbation/lei008GGA_150652011.jpg,400.06,K
150652 - Leilani Gallery 51 masturbation/lei008GGA_150652012.jpg,405.44,K
150652 - Leilani Gallery 51 masturbation/lei008GGA_150652013.jpg,394.68,K
150652 - Leilani Gallery 51 masturbation/lei008GGA_150652014.jpg,394.1,K
150652 - Leilani Gallery 51 masturbation/lei008GGA_150652015.jpg,353.7,K
150652 - Leilani Gallery 51 masturbation/lei008GGA_150652016.jpg,396.44,K
150652 - Leilani Gallery 51 masturbation/lei008GGA_150652017.jpg,380.27,K
150652 - Leilani Gallery 51 masturbation/lei008GGA_150652018.jpg,381.74,K
150652 - Leilani Gallery 51 masturbation/lei008GGA_150652019.jpg,386.92,K
150652 - Leilani Gallery 51 masturbation/lei008GGA_150652020.jpg,377.48,K
150652 - Leilani Gallery 51 masturbation/lei008GGA_150652021.jpg,341.85,K
150652 - Leilani Gallery 51 masturbation/lei008GGA_150652022.jpg,376.54,K
150652 - Leilani Gallery 51 masturbation/lei008GGA_150652023.jpg,378.43,K
150652 - Leilani Gallery 51 masturbation/lei008GGA_150652024.jpg,378.73,K
150652 - Leilani Gallery 51 masturbation/lei008GGA_150652025.jpg,381.25,K
150652 - Leilani Gallery 51 masturbation/lei008GGA_150652026.jpg,385.11,K
150652 - Leilani Gallery 51 masturbation/lei008GGA_150652027.jpg,369.75,K
150652 - Leilani Gallery 51 masturbation/lei008GGA_150652028.jpg,361.65,K
150652 - Leilani Gallery 51 masturbation/lei008GGA_150652029.jpg,364.9,K
150652 - Leilani Gallery 51 masturbation/lei008GGA_150652030.jpg,336.67,K
150652 - Leilani Gallery 51 masturbation/lei008GGA_150652031.jpg,349.55,K
150652 - Leilani Gallery 51 masturbation/lei008GGA_150652032.jpg,352.83,K
150652 - Leilani Gallery 51 masturbation/lei008GGA_150652033.jpg,346.18,K
150652 - Leilani Gallery 51 masturbation/lei008GGA_150652034.jpg,352.39,K
150652 - Leilani Gallery 51 masturbation/lei008GGA_150652035.jpg,325.23,K
150652 - Leilani Gallery 51 masturbation/lei008GGA_150652036.jpg,339.85,K
150652 - Leilani Gallery 51 masturbation/lei008GGA_150652037.jpg,319.12,K
150652 - Leilani Gallery 51 masturbation/lei008GGA_150652038.jpg,330.78,K
150652 - Leilani Gallery 51 masturbation/lei008GGA_150652039.jpg,330.08,K
150652 - Leilani Gallery 51 masturbation/lei008GGA_150652040.jpg,323.21,K
150652 - Leilani Gallery 51 masturbation/lei008GGA_150652041.jpg,294.32,K
150652 - Leilani Gallery 51 masturbation/lei008GGA_150652042.jpg,289.83,K
150652 - Leilani Gallery 51 masturbation/lei008GGA_150652043.jpg,279.79,K
150652 - Leilani Gallery 51 masturbation/lei008GGA_150652044.jpg,400.15,K
150652 - Leilani Gallery 51 masturbation/lei008GGA_150652045.jpg,398.91,K
150652 - Leilani Gallery 51 masturbation/lei008GGA_150652046.jpg,388.28,K
150652 - Leilani Gallery 51 masturbation/lei008GGA_150652047.jpg,400.91,K
150652 - Leilani Gallery 51 masturbation/lei008GGA_150652048.jpg,381.88,K
150652 - Leilani Gallery 51 masturbation/lei008GGA_150652049.jpg,372.57,K
150652 - Leilani Gallery 51 masturbation/lei008GGA_150652050.jpg,460.29,K
150652 - Leilani Gallery 51 masturbation/lei008GGA_150652051.jpg,403.53,K
150652 - Leilani Gallery 51 masturbation/lei008GGA_150652052.jpg,446.88,K
150652 - Leilani Gallery 51 masturbation/lei008GGA_150652053.jpg,291.54,K
150652 - Leilani Gallery 51 masturbation/lei008GGA_150652054.jpg,300.08,K
150652 - Leilani Gallery 51 masturbation/lei008GGA_150652055.jpg,364.72,K
150652 - Leilani Gallery 51 masturbation/lei008GGA_150652056.jpg,295.78,K
150652 - Leilani Gallery 51 masturbation/lei008GGA_150652057.jpg,358.23,K
150652 - Leilani Gallery 51 masturbation/lei008GGA_150652058.jpg,365.67,K
150652 - Leilani Gallery 51 masturbation/lei008GGA_150652059.jpg,310.13,K
150652 - Leilani Gallery 51 masturbation/lei008GGA_150652060.jpg,400.59,K
150652 - Leilani Gallery 51 masturbation/lei008GGA_150652061.jpg,364.21,K
150652 - Leilani Gallery 51 masturbation/lei008GGA_150652062.jpg,308.45,K
150652 - Leilani Gallery 51 masturbation/lei008GGA_150652063.jpg,341.39,K
150652 - Leilani Gallery 51 masturbation/lei008GGA_150652064.jpg,348.64,K
150652 - Leilani Gallery 51 masturbation/lei008GGA_150652065.jpg,241.72,K
150652 - Leilani Gallery 51 masturbation/lei008GGA_150652066.jpg,323.03,K
150652 - Leilani Gallery 51 masturbation/lei008GGA_150652067.jpg,346.78,K
150652 - Leilani Gallery 51 masturbation/lei008GGA_150652068.jpg,293.14,K
150652 - Leilani Gallery 51 masturbation/lei008GGA_150652069.jpg,369.43,K
150652 - Leilani Gallery 51 masturbation/lei008GGA_150652070.jpg,403.77,K
150652 - Leilani Gallery 51 masturbation/lei008GGA_150652071.jpg,414.64,K
150652 - Leilani Gallery 51 masturbation/lei008GGA_150652072.jpg,425.85,K
150652 - Leilani Gallery 51 masturbation/lei008GGA_150652073.jpg,431.49,K
150652 - Leilani Gallery 51 masturbation/lei008GGA_150652074.jpg,441.42,K
150652 - Leilani Gallery 51 masturbation/lei008GGA_150652075.jpg,379.01,K
150652 - Leilani Gallery 51 masturbation/lei008GGA_150652076.jpg,424.32,K
150652 - Leilani Gallery 51 masturbation/lei008GGA_150652077.jpg,401.04,K
150652 - Leilani Gallery 51 masturbation/lei008GGA_150652078.jpg,412.59,K
150652 - Leilani Gallery 51 masturbation/lei008GGA_150652079.jpg,405.24,K
150652 - Leilani Gallery 51 masturbation/lei008GGA_150652080.jpg,390.23,K
150652 - Leilani Gallery 51 masturbation/lei008GGA_150652081.jpg,419.54,K
150652 - Leilani Gallery 51 masturbation/lei008GGA_150652082.jpg,420.05,K
150652 - Leilani Gallery 51 masturbation/lei008GGA_150652083.jpg,427.09,K
150652 - Leilani Gallery 51 masturbation/lei008GGA_150652084.jpg,409.62,K
150652 - Leilani Gallery 51 masturbation/lei008GGA_150652085.jpg,415.91,K
150652 - Leilani Gallery 51 masturbation/lei008GGA_150652086.jpg,402.06,K
150652 - Leilani Gallery 51 masturbation/lei008GGA_150652087.jpg,421.68,K
150652 - Leilani Gallery 51 masturbation/lei008GGA_150652088.jpg,418.76,K
150652 - Leilani Gallery 51 masturbation/lei008GGA_150652089.jpg,381.73,K
150652 - Leilani Gallery 51 masturbation/lei008GGA_150652090.jpg,473.82,K
150652 - Leilani Gallery 51 masturbation/lei008GGA_150652091.jpg,488.87,K
150652 - Leilani Gallery 51 masturbation/lei008GGA_150652092.jpg,471.42,K
150652 - Leilani Gallery 51 masturbation/lei008GGA_150652093.jpg,443.89,K
150652 - Leilani Gallery 51 masturbation/lei008GGA_150652094.jpg,428.35,K
150652 - Leilani Gallery 51 masturbation/lei008GGA_150652095.jpg,449.56,K
150652 - Leilani Gallery 51 masturbation/lei008GGA_150652096.jpg,463.73,K
150652 - Leilani Gallery 51 masturbation/lei008GGA_150652097.jpg,472.34,K
150652 - Leilani Gallery 51 masturbation/lei008GGA_150652098.jpg,469.82,K
150652 - Leilani Gallery 51 masturbation/lei008GGA_150652099.jpg,479.8,K
150652 - Leilani Gallery 51 masturbation/lei008GGA_150652100.jpg,503.85,K
150652 - Leilani Gallery 51 masturbation/lei008GGA_150652101.jpg,478.07,K
