Title,Type,Files,Size,IMDB,Spoken Languages,Texted Languages,Tags,Quality (+),Quality (-),Uploaded,By,User Type,Seeders,Leechers,Info Hash,Picture,Capture Date
My Mother Is A Whore... And I Am Too [Split Scenes],599,6,1.32 GiB (1420234465 Bytes),,,,"""All Sex"",""Oral"",""Porn"",""Adult"",""Sex"",""Video"",""Rothschild"",""Studio"",""Download"",""Free"",""Adult"",""Pirate"",""PublicHash""",,,2013-05-30T16:03:46Z,R0thschild,[V],8,2,64E264900AF017196E82A8DD629A7EB3C597B85A,,2013-06-15T07:31:53Z
