Filename,Size,Unit
08 The CNK - I Am The Black Wizards (Emperor).mp3,12.79,M
02 Soulseeker - Gimme Shelter (The Rolling Stones).mp3,10.2,M
05 The Seventh Rise - E.T. (Katy Perry).mp3,9.21,M
07 Galneryus - Open Arms (Journey).mp3,7.92,M
06 Fade - Livin' On A Prayer (Bon Jovi).mp3,7.56,M
04 Gary John Barden - Zeit Macht Nur Vor Dem Teufel Halt (Barry Ryan).mp3,7.18,M
"10 Demon Hunter - Snap Your Fingers, Snap Your Neck (Prong).mp3",6.78,M
09 Chaosweaver - Crucified (Army Of Lovers).mp3,6.5,M
03 One Day Remains - Feeling The Moment (Feeder).mp3,6.37,M
01 Stefano Giorgini - Dirty Diana (Michael Jackson).mp3,6.17,M
Back.jpg,371.71,K
Front.jpg,296.28,K
