Filename,Size,Unit
Torrent Download Site's/Torrent downloaded from tracker.Btarena.org.txt,43,B
Torrent Download Site's/Torrent downloaded from Extratorrent.com.txt,40,B
Torrent Download Site's/Torrent Downloaded from Limetorrents.com.txt,40,B
Torrent Download Site's/Torrent downloaded from Thepiratebay.se.txt,39,B
Torrent Download Site's/Torrent downloaded from divxhunt.me.txt,35,B
Torrent Download Site's/Torrent downloaded from 1337x.org.txt,33,B
Torrent Download Site's/Torrent downloaded from KA.TT.txt,29,B
01 Overgrown.m4a,10.31,M
07 Digital Lion.m4a,9.56,M
09 To the Last.m4a,8.97,M
08 Voyeur.m4a,8.67,M
02 I Am Sold.m4a,8.23,M
05 Retrograde.m4a,7.52,M
10 Our Love Comes Back.m4a,7.51,M
03 Life Round Here.m4a,7.36,M
04 Take a Fall For Me (feat. RZA).m4a,7.19,M
11 Every Day I Ran (Bonus Track).m4a,6.96,M
06 Dlm.m4a,5.29,M
V3nom.gif,148.22,K
Torrent Uploaded by V3nom.txt,25,B
