Filename,Size,Unit
GritsOfTheTajMahal13s3-full-1_Desisexblog.net.wmv,399.08,M
