User Type,Username,Date,Text
,Drebben,2013-04-20T00:43Z,"Search and destroy or . . . Research and enjoy . . .
Seed, please . . . Ta !"
