Filename,Size,Unit
HollyHannaGiantDildoAss.mp4,185.43,M
