Filename,Size,Unit
Worlds Worst Tenants_Naughty.Nana.S02e08.HQwebrip-BeechyBoy.avi,189.68,M
