Title,Type,Files,Size,IMDB,Spoken Languages,Texted Languages,Tags,Quality (+),Quality (-),Uploaded,By,User Type,Seeders,Leechers,Info Hash,Picture,Capture Date
Twistys.13.05.19.Danielle.Maye.MayeDay.XXX.720p.x264-SEXORS,505,2,822.05 MiB (861976660 Bytes),,,,"""All Sex"",""Oral"",""Porn"",""Adult"",""Sex"",""Video"",""Rothschild"",""Studio"",""Download"",""Free"",""Adult"",""Pirate"",""PublicHash""",,,2013-05-19T11:02:31Z,R0thschild,[V],3,3,F9FCB10218B7DD2B352C4DD21BFDEBB3951AA446,,2013-06-14T03:43:43Z
