User Type,Username,Date,Text
,nekroto,2013-03-14T00:33Z,The sample shows amazing quality. Thanks to both the ripper and the uploader.
,nekroto,2013-03-14T00:35Z,>I'm not downloading this for the sole reason of seeing Victoria Justice.
,percypp,2013-03-15T07:27Z,http://www.imdb.com/title/tt1763303/
,Dorell,2013-04-18T23:10Z,Thanks a lot !! Have a gr8 day !
,Djpabloh,2013-04-21T16:42Z,Thanks :D
