Title,Type,Files,Size,IMDB,Spoken Languages,Texted Languages,Tags,Quality (+),Quality (-),Uploaded,By,User Type,Seeders,Leechers,Info Hash,Picture,Capture Date
My Sisters Hot Friend - Lily Love,506,1,227.47 MiB (238522938 Bytes),,,,"""Hardcore"",""Blowjob""",,,2013-05-27T10:48:00Z,ElitePorn,,12,1,108B72CA4B710F0ABD38C8E142098561DAEC4AEE,//image.bayimg.com/54a2bd0ebe969897d8db12186bb0380e18bd45e5.jpg,2013-06-14T23:21:23Z
