Filename,Size,Unit
[NeighborAffair] 2013-05-30 Lexi Belle.mp4,302.42,M
