Title,Type,Files,Size,IMDB,Spoken Languages,Texted Languages,Tags,Quality (+),Quality (-),Uploaded,By,User Type,Seeders,Leechers,Info Hash,Picture,Capture Date
New Black Cheerleader Search_13_Essence Crystal_XXX_DVDRip_2010,501,1,700.42 MiB (734447616 Bytes),,English,,"""xxx"",""porn""",,,2013-06-09T21:14:31Z,m21wolf,,4,0,FE01A5ABEC9BF94EDC6B230AA2274B772CE701A9,,2013-06-17T00:19:56Z
