Title,Type,Files,Size,IMDB,Spoken Languages,Texted Languages,Tags,Quality (+),Quality (-),Uploaded,By,User Type,Seeders,Leechers,Info Hash,Picture,Capture Date
Hegre-Art - Dominika C - Extreme Stimulation Massage (1080p),505,1,1.1 GiB (1186178013 Bytes),,,,,,,2013-04-07T05:36:57Z,xuluhulu,[V],17,8,F321B39CCFDEB5CF675D13CA3207BF405A3734DF,,2013-06-09T23:05:42Z
