Filename,Size,Unit
my-sexy-kittens-29-scene5.avi,151.23,M
my-sexy-kittens-29-scene6.avi,167.19,M
my-sexy-kittens-29-scene4.avi,191.75,M
my-sexy-kittens-29-scene3.avi,183.9,M
my-sexy-kittens-29-scene2.avi,197.87,M
my-sexy-kittens-29-scene1.avi,184.74,M
