Title,Type,Files,Size,IMDB,Spoken Languages,Texted Languages,Tags,Quality (+),Quality (-),Uploaded,By,User Type,Seeders,Leechers,Info Hash,Picture,Capture Date
Her Sweet Hand - Barbie Brittany Perfect Newbie,506,1,129.27 MiB (135550422 Bytes),,,,"""Oral"",""Brittany""",,,2013-01-17T17:23:11Z,irealu69,[V],5,0,D94B0F265B8F426DB25380268C834A93CF895060,//image.bayimg.com/8fe58d0881a258123425c6abf9046774ab3752db.jpg,2013-06-03T13:53:02Z
