Title,Type,Files,Size,IMDB,Spoken Languages,Texted Languages,Tags,Quality (+),Quality (-),Uploaded,By,User Type,Seeders,Leechers,Info Hash,Picture,Capture Date
Private - Sierra Sanders Her ass is ready for a pounding,506,1,321.9 MiB (337533329 Bytes),,,,"""All Sex"",""Oral""",,,2013-04-02T21:34:11Z,R0thschild,[V],8,0,35A58F4EB10CC7226033E66E2BD687E5A8964DFF,,2013-06-09T12:54:16Z
