Title,Type,Files,Size,IMDB,Spoken Languages,Texted Languages,Tags,Quality (+),Quality (-),Uploaded,By,User Type,Seeders,Leechers,Info Hash,Picture,Capture Date
need for speed most wanted skidrow,401,1,5.3 GiB (5694222336 Bytes),,,,,,,2013-02-17T08:56:13Z,jbart63,,15,0,F4365BBEC6961FE9D7E5958DE829B2AC4A2A5C68,,2013-06-05T13:18:15Z
