User Type,Username,Date,Text
,hotforporn,2013-03-14T16:02Z,can u up the entire vid
