Title,Type,Files,Size,IMDB,Spoken Languages,Texted Languages,Tags,Quality (+),Quality (-),Uploaded,By,User Type,Seeders,Leechers,Info Hash,Picture,Capture Date
Wheeler.Dealers.Trading.Up.S01E04.Japan.480p.HDTV.x264-mSD,205,4,322.03 MiB (337677636 Bytes),,,,,,,2013-04-24T05:42:27Z,TvTeam,[V],9,0,57A032FCDD0B52DDE3BE6AC55D0553344A1F247D,,2013-06-11T03:47:06Z
