Filename,Size,Unit
Glory.Hole.Initiations.Jade.Nacole.XXX.pornalized.mp4,439.77,M
