Title,Type,Files,Size,IMDB,Spoken Languages,Texted Languages,Tags,Quality (+),Quality (-),Uploaded,By,User Type,Seeders,Leechers,Info Hash,Picture,Capture Date
The Ersatz Elevator - Lemony Snicket (2001),102,15,155.31 MiB (162856720 Bytes),,English,,"""The Ersatz Elevator"",""Lemony Snicket""",,,2013-01-30T11:35:07Z,holdenrus,,1,0,BC68F591AD296F662C65F2693328E519150CE53C,,2013-06-04T15:38:36Z
