Title,Type,Files,Size,IMDB,Spoken Languages,Texted Languages,Tags,Quality (+),Quality (-),Uploaded,By,User Type,Seeders,Leechers,Info Hash,Picture,Capture Date
Hardcore slut punishment as her butt gets spanked and pussy,506,1,46.43 MiB (48680559 Bytes),,,,"""spanking"",""spank"",""slapping"",""fetish"",""ass""",,,2013-04-06T09:48:40Z,pornophil,,2,0,A4C4092B2181BA6F6096CF1D0BA274DB1EA72951,,2013-06-09T21:40:35Z
