Filename,Size,Unit
The.Outer.Limits.The.New.Series.S02E14.DVDRip.Subtitulado.Esp.SC.avi,345.3,M
