Filename,Size,Unit
Torrent downloaded from PublicHash.com.nfo,151,B
ap11720_3000.mp4,1010.18,M
