Title,Type,Files,Size,IMDB,Spoken Languages,Texted Languages,Tags,Quality (+),Quality (-),Uploaded,By,User Type,Seeders,Leechers,Info Hash,Picture,Capture Date
Salma Abdelnour - Jasmine and Fire: A Bittersweet Year in Beirut,601,1,2.38 MiB (2497419 Bytes),,,English,,,,2013-02-20T19:33:08Z,sumofmind,,2,0,237DBFB150D07AC2E06D772DEB1AEB8F33037767,//image.bayimg.com/2703843b9d3a8ddd145f01591d135af2aed17120.jpg,2013-06-05T17:51:15Z
