Title,Type,Files,Size,IMDB,Spoken Languages,Texted Languages,Tags,Quality (+),Quality (-),Uploaded,By,User Type,Seeders,Leechers,Info Hash,Picture,Capture Date
The.ABCs.Of.Death.2012.DVDRip.XviD-iGNiTiON,201,4,1.37 GiB (1468598824 Bytes),,,,"""The"",""ABCs"",""Death"",""2012"",""DVDRip"",""XviD"",""iGNiTiON""",,,2013-05-27T14:32:04Z,Drarbg,[V],9,2,97A870F548F05EDCBC9A1EBC4AF2871A9F3E5134,,2013-06-14T23:39:50Z
