Filename,Size,Unit
ktr.mtt.12.10.27.sheila.-.and.layla.wmv,395.41,M
