Filename,Size,Unit
mr1016_rita_on_thomas_720.mov,975.96,M
