Title,Type,Files,Size,IMDB,Spoken Languages,Texted Languages,Tags,Quality (+),Quality (-),Uploaded,By,User Type,Seeders,Leechers,Info Hash,Picture,Capture Date
KarupsHA.13.02.02.Tosh.Locks.Solo.1.XXX.720p.MP4-KTR,599,2,700.48 MiB (734505401 Bytes),,,,"""Solo"",""Mastrubation""",,,2013-02-03T13:29:50Z,R0thschild,[V],1,0,95A7F5D0C98138F0383C837118A23443F12E5AD8,,2013-06-04T20:18:35Z
