Title,Type,Files,Size,IMDB,Spoken Languages,Texted Languages,Tags,Quality (+),Quality (-),Uploaded,By,User Type,Seeders,Leechers,Info Hash,Picture,Capture Date
Heino - Mit freundlichen Grüßen - Amazon Deluxe Editi,101,14,118.09 MiB (123828433 Bytes),,,,,,,2013-02-08T18:30:02Z,DMXCrew_Noah,,2,1,5B64201B15447633DBD1EC9B658AF570A0EA3F8C,//image.bayimg.com/fac78ab5c7d5dd19c21b4a71fa3583e4acedd301.jpg,2013-06-05T02:31:49Z
