Filename,Size,Unit
Formule1.2013.GP02.Maleisie.Vrije.Training.1.NL.720p.HDTV.x264-SHOWM1ZZ.mkv,2.76,G
Formule1.2013.GP02.Maleisie.Vrije.Training.1.NL.720p.HDTV.x264-SHOWM1ZZ.nfo,1.98,K
SHOWM1ZZ @ Twitter.txt,27,B
