Filename,Size,Unit
Young.Justice.S02E13.The.Fix.PROPER.720p.WEB-DL.AVC.AAC-iT00NZ.mkv,582.97,M
