Filename,Size,Unit
Fisting_and_anal_sex_with_a_chubby_girl.avi,85.02,M
