Filename,Size,Unit
Barbie1710.txt,275,B
The Highwayman's Curse/Highwayman's Curse - Nicola Morgan.azw3,1.79,M
The Highwayman's Curse/Highwayman's Curse - Nicola Morgan.epub,1.76,M
The Highwayman's Curse/Highwayman's Curse - Nicola Morgan.jpg,21.06,K
The Highwayman's Curse/Highwayman's Curse - Nicola Morgan.mobi,317.93,K
The Highwayman's Curse/Highwayman's Curse - Nicola Morgan.opf,2.79,K
"The Highwayman's Footsteps/Highwayman's Footsteps, The - Nicola Morgan.azw3",1.81,M
"The Highwayman's Footsteps/Highwayman's Footsteps, The - Nicola Morgan.epub",1.8,M
"The Highwayman's Footsteps/Highwayman's Footsteps, The - Nicola Morgan.jpg",54.18,K
"The Highwayman's Footsteps/Highwayman's Footsteps, The - Nicola Morgan.mobi",361.71,K
"The Highwayman's Footsteps/Highwayman's Footsteps, The - Nicola Morgan.opf",8.49,K
