Filename,Size,Unit
Bootyful_Beauties.mp4,1.06,G
