Title,Type,Files,Size,IMDB,Spoken Languages,Texted Languages,Tags,Quality (+),Quality (-),Uploaded,By,User Type,Seeders,Leechers,Info Hash,Picture,Capture Date
AllOver30.com_12.12.24.Amber.L.XXX.iMAGESET-YAPG,503,145,131.71 MiB (138108193 Bytes),,,,"""All)ver30"",""Mature"",""Women"",""MILF""",,,2013-02-21T13:42:47Z,pspxxx,,0,1,B9A8BDB6EF4DE8DA7F822B8CD615CD88D2CD9DD1,//image.bayimg.com/db08a6dcc3a80ace0514af665fa3d64974f988a9.jpg,2013-06-05T18:58:12Z
