Filename,Size,Unit
Fairly.OddParents.S09E02.Dinklescouts.-.I.Dream.of.Cosmo.WEB-DL.XviD.MP3.avi,182.24,M
Fairly.OddParents.S09E02.Dinklescouts.-.I.Dream.of.Cosmo.WEB-DL.XviD.MP3.srt,44.51,K
