Title,Type,Files,Size,IMDB,Spoken Languages,Texted Languages,Tags,Quality (+),Quality (-),Uploaded,By,User Type,Seeders,Leechers,Info Hash,Picture,Capture Date
Wife.Swap.US.S07E05.480p.HDTV.x264-mSD,205,4,274.77 MiB (288120505 Bytes),,,,,,,2013-04-26T23:47:03Z,TvTeam,[V],4,3,F6FB751570FA30B0F41389CD253D552736313579,,2013-06-11T12:35:17Z
