Filename,Size,Unit
Killergram - A Pussy Bukake - Bambi Black.wmv,236.62,M
RARBG.com.txt,34,B
