User Type,Username,Date,Text
,xxsupaxx,2013-02-18T05:31Z,"#1
thanks"
,raghupavan,2013-02-18T20:24Z,Downloads fast but its no HD quality.....I'd better wait for another upload!!
,Er88,2013-02-19T14:00Z,Thanks ...
