Filename,Size,Unit
Pantyhosed4U.Axa.J.Glide.Your.Hands.On.My.Hose.XxX.wmv,404.9,M
