User Type,Username,Date,Text
,G-4-Free,2013-02-23T23:31Z,"VIRUS!!!!!!!!
https://www.virustotal.com/ru/file/0850250e5ca730dd7961fe8d13a23cece965ee6ec2ecd1eb7bff7529b414c398/analysis/"
[V],MeMar,2013-03-04T10:51Z,"LIEVE MENSEN,
DIT IS GEEN TORRENT VAN MIJ!!!!!"
