Title,Type,Files,Size,IMDB,Spoken Languages,Texted Languages,Tags,Quality (+),Quality (-),Uploaded,By,User Type,Seeders,Leechers,Info Hash,Picture,Capture Date
Housewives.Orgy.2 XXX.DVDRip x264-XCiTE,501,1,1.21 GiB (1303737928 Bytes),,English,English,"""All Sex Movies"",""MILF"",""Cougar"",""Threesomes & More"",""Orgies""",,,2013-04-19T14:54:23Z,medianb,[T],2,3,06E4E9A8AAD5F05B671A2A016B89035CE7D39D06,,2013-06-10T16:24:36Z
