Filename,Size,Unit
sexo-czechcasting-130324.mp4,201.66,M
sexo-czechcasting-130324.nfo,326,B
