Title,Type,Files,Size,IMDB,Spoken Languages,Texted Languages,Tags,Quality (+),Quality (-),Uploaded,By,User Type,Seeders,Leechers,Info Hash,Picture,Capture Date
Wicked Pictures - Cougars Vs. Kittens 2012 XXX,501,1,862.02 MiB (903896958 Bytes),,,,,,,2013-02-17T08:08:19Z,Anonymous,,5,1,4319FC94EF131798E91C34C23FA03114152C8111,,2013-06-05T13:16:08Z
