Filename,Size,Unit
1.mp4,440.44,M
2.mp4,464.43,M
3.mp4,383.94,M
4.mp4,493.79,M
5.mp4,416.63,M
