Filename,Size,Unit
Sunderland - Everton 2H.mkv,1.04,G
Sunderland - Everton 1H.mkv,1019.81,M
