Filename,Size,Unit
13.04.03 MIN-MIL.mkv,1.72,G
