Title,Type,Files,Size,IMDB,Spoken Languages,Texted Languages,Tags,Quality (+),Quality (-),Uploaded,By,User Type,Seeders,Leechers,Info Hash,Picture,Capture Date
Firstanalquest - Vikki XXX,505,2,1.06 GiB (1138538163 Bytes),,,,"""All Sex"",""Oral"",""Porn"",""Adult"",""Sex"",""Video"",""Rothschild"",""Studio"",""Download"",""Free"",""Adult"",""Pirate"",""PublicHash""",,,2013-05-21T00:03:25Z,R0thschild,[V],5,1,027B068CB4C8BC4D6CF32343B6BE2489578D7923,,2013-06-14T06:47:47Z
