Title,Type,Files,Size,IMDB,Spoken Languages,Texted Languages,Tags,Quality (+),Quality (-),Uploaded,By,User Type,Seeders,Leechers,Info Hash,Picture,Capture Date
AVG AntiVirus Pro 2012 v1808 (32 Bit) By Kely,301,4,152.52 MiB (159923904 Bytes),,,,,,,2013-02-15T13:02:31Z,k3ly,,0,4,846AF4D1525C61A680BF4469FB205BCD1F77F405,,2013-06-05T10:37:48Z
