User Type,Username,Date,Text
,gilvanl,2013-02-06T00:43Z,Thanks for this great album!
