Title,Type,Files,Size,IMDB,Spoken Languages,Texted Languages,Tags,Quality (+),Quality (-),Uploaded,By,User Type,Seeders,Leechers,Info Hash,Picture,Capture Date
Cougar.Town.4x04.fastsub.vostfr.mp4,205,1,181.45 MiB (190266549 Bytes),,English,French,,,,2013-01-31T12:05:31Z,TeKeSTe,,0,1,C85F1C2F354CA51C005AB760A8CE74B504B48C85,,2013-06-04T16:47:16Z
