Title,Type,Files,Size,IMDB,Spoken Languages,Texted Languages,Tags,Quality (+),Quality (-),Uploaded,By,User Type,Seeders,Leechers,Info Hash,Picture,Capture Date
Formula.1.2013.GP.Barein.SPANiSH.720p.HDTV.x264-PERCEPTiON,208,5,2.23 GiB (2396698041 Bytes),,Spanish,,"""formula1"",""formula 1""",,,2013-04-21T20:31:14Z,spastik64,[V],3,1,5625816921F98B5DA27EE6637447CF1C3FEFB748,,2013-06-10T19:09:33Z
