Filename,Size,Unit
tlib_alyssa_divine_480p_1000.mp4,261.07,M
Torrent Downloaded From ExtraTorrent.com.nfo,353,B
