User Type,Username,Date,Text
,mel.lowe,2013-02-07T18:15Z,what is tyron woodley entrance/walkout song?
