Title,Type,Files,Size,IMDB,Spoken Languages,Texted Languages,Tags,Quality (+),Quality (-),Uploaded,By,User Type,Seeders,Leechers,Info Hash,Picture,Capture Date
[AnalTeenAngels] an,501,1,545.83 MiB (572349140 Bytes),,,,,,,2013-05-18T07:24:21Z,chkm8te,[V],5,4,B29FFCA7E4F9082F2D8F335694969E7D95045F9B,,2013-06-14T01:44:34Z
