Title,Type,Files,Size,IMDB,Spoken Languages,Texted Languages,Tags,Quality (+),Quality (-),Uploaded,By,User Type,Seeders,Leechers,Info Hash,Picture,Capture Date
DayWithAPornstar.13.03.20.Jynx.Maze.Fresh.Jynx.Juice.XXX.1080p.M,505,4,2.89 GiB (3106789453 Bytes),,,,"""All Sex"",""Oral""",,,2013-03-20T18:16:12Z,R0thschild,[V],2,4,1B37EDB697C5076CD475DB84A8C82D72843F58CF,,2013-06-08T18:16:30Z
