Filename,Size,Unit
"Letha Weapons, Ron Jeremy Vintage Brunettes Big Boobs Hardcore.avi",284.43,M
