Filename,Size,Unit
Bones S08E23 720p HDTV Nl subs DutchReleaseTeam.mkv,1.06,G
Koedje.png,115.78,K
Multimediacafe.png,105.06,K
NFO MKV.txt,1.19,K
DutchReleaseTeam NFO.txt,474,B
