Filename,Size,Unit
Cover+Info/Torrent_downloaded_from_AhaShare.com.txt,63,B
Cover+Info/Black-Sam.txt,62,B
Cover+Info/Torrent Downloaded from deemtrack.in.txt,44,B
Cover+Info/Torrent Downloaded from  btscene.eu.txt,42,B
Cover+Info/Torrent Downloaded from SilverTorrents.me.txt,41,B
Cover+Info/Torrent downloaded from P2PDL.com.txt,37,B
Cover+Info/tracked By movie-torrentz.txt,36,B
M807ab5ed08331c474e20.mkv,1.54,G
730493532--1515950012455247943.jpg,16.64,K
