Filename,Size,Unit
Il Corruttore.avi,1.17,G
