Filename,Size,Unit
ATKExotics.13.01.20.Chika.Toys.XXx.mp4,472.46,M
