Title,Type,Files,Size,IMDB,Spoken Languages,Texted Languages,Tags,Quality (+),Quality (-),Uploaded,By,User Type,Seeders,Leechers,Info Hash,Picture,Capture Date
FantasyHD - Zoey Paige,506,1,197.86 MiB (207468635 Bytes),,,,,,,2013-05-25T13:32:51Z,Xx.No1.xX,[V],4,1,F5F3D95DF63A92B0D81C200D2DCE6A7AC4568C92,,2013-06-14T17:25:13Z
