Title,Type,Files,Size,IMDB,Spoken Languages,Texted Languages,Tags,Quality (+),Quality (-),Uploaded,By,User Type,Seeders,Leechers,Info Hash,Picture,Capture Date
1By-Day - Ashley Bulgari,506,1,330.06 MiB (346094204 Bytes),,,,"""Solo"",""Mastrubation""",,,2013-02-08T17:47:09Z,R0thschild,[V],1,0,5E97FE52BA1B6C7545B80BFBCE7D233107A83376,,2013-06-05T02:29:30Z
