Title,Type,Files,Size,IMDB,Spoken Languages,Texted Languages,Tags,Quality (+),Quality (-),Uploaded,By,User Type,Seeders,Leechers,Info Hash,Picture,Capture Date
She's Drunk All The Time - Tim Timebomb and Friends.mp3,101,1,2.66 MiB (2792281 Bytes),,,,"""Tim TimeBomb"",""Tim Armstrong"",""Hellcat Records""",,,2013-01-16T13:56:17Z,LOUDMOUTH333,,5,0,979C1340E140FD82B1653319BB4A8CC3361AC7EA,,2013-06-03T12:32:34Z
