Filename,Size,Unit
[ShowyBeauty] 2011-09-05 - Tina - Night Relax [AVI] [1280x720].avi,677.68,M
