Filename,Size,Unit
Merlin - S05E09.avi,412.48,M
