Filename,Size,Unit
"FM - Feb 27, 2013 - Claire Robbins (29279).mp4",1.13,G
Pics 29279/29279_Claire_Robbins001.jpg,249.35,K
Pics 29279/29279_Claire_Robbins002.jpg,239.67,K
Pics 29279/29279_Claire_Robbins003.jpg,264.39,K
Pics 29279/29279_Claire_Robbins004.jpg,250.82,K
Pics 29279/29279_Claire_Robbins005.jpg,249.87,K
Pics 29279/29279_Claire_Robbins006.jpg,273.44,K
Pics 29279/29279_Claire_Robbins007.jpg,246.81,K
Pics 29279/29279_Claire_Robbins008.jpg,247.38,K
Pics 29279/29279_Claire_Robbins009.jpg,248.04,K
Pics 29279/29279_Claire_Robbins010.jpg,236.24,K
Pics 29279/29279_Claire_Robbins012.jpg,251.48,K
Pics 29279/29279_Claire_Robbins013.jpg,261.8,K
Pics 29279/29279_Claire_Robbins014.jpg,230.51,K
Pics 29279/29279_Claire_Robbins015.jpg,227.4,K
Pics 29279/29279_Claire_Robbins016.jpg,224.1,K
Pics 29279/29279_Claire_Robbins017.jpg,251.74,K
Pics 29279/29279_Claire_Robbins018.jpg,224.41,K
Pics 29279/29279_Claire_Robbins019.jpg,225,K
Pics 29279/29279_Claire_Robbins020.jpg,227.71,K
Pics 29279/29279_Claire_Robbins021.jpg,301.95,K
Pics 29279/29279_Claire_Robbins022.jpg,281.1,K
Pics 29279/29279_Claire_Robbins023.jpg,232.17,K
Pics 29279/29279_Claire_Robbins024.jpg,211.03,K
Pics 29279/29279_Claire_Robbins025.jpg,208.92,K
Pics 29279/29279_Claire_Robbins026.jpg,204.09,K
Pics 29279/29279_Claire_Robbins027.jpg,190.46,K
Pics 29279/29279_Claire_Robbins028.jpg,268.61,K
Pics 29279/29279_Claire_Robbins029.jpg,195.85,K
Pics 29279/29279_Claire_Robbins030.jpg,200.45,K
Pics 29279/29279_Claire_Robbins031.jpg,218.45,K
Pics 29279/29279_Claire_Robbins032.jpg,191.55,K
Pics 29279/29279_Claire_Robbins033.jpg,208.64,K
Pics 29279/29279_Claire_Robbins034.jpg,218.32,K
Pics 29279/29279_Claire_Robbins035.jpg,210.49,K
Pics 29279/29279_Claire_Robbins036.jpg,212.6,K
Pics 29279/29279_Claire_Robbins037.jpg,204.03,K
Pics 29279/29279_Claire_Robbins038.jpg,203.61,K
Pics 29279/29279_Claire_Robbins039.jpg,171.74,K
Pics 29279/29279_Claire_Robbins040.jpg,211.58,K
Pics 29279/29279_Claire_Robbins041.jpg,186.26,K
Pics 29279/29279_Claire_Robbins042.jpg,244.63,K
Pics 29279/29279_Claire_Robbins043.jpg,205.33,K
Pics 29279/29279_Claire_Robbins044.jpg,210.67,K
Pics 29279/29279_Claire_Robbins045.jpg,228.99,K
Pics 29279/29279_Claire_Robbins046.jpg,240.63,K
Pics 29279/29279_Claire_Robbins047.jpg,230.88,K
Pics 29279/29279_Claire_Robbins048.jpg,236.06,K
Pics 29279/29279_Claire_Robbins049.jpg,239,K
Pics 29279/29279_Claire_Robbins050.jpg,215.04,K
Pics 29279/29279_Claire_Robbins051.jpg,217.21,K
Pics 29279/29279_Claire_Robbins052.jpg,193.75,K
Pics 29279/29279_Claire_Robbins053.jpg,174.72,K
Pics 29279/29279_Claire_Robbins054.jpg,159.18,K
Pics 29279/29279_Claire_Robbins116.jpg,254.34,K
Pics 29279/29279_Claire_Robbins117.jpg,269.03,K
Pics 29279/29279_Claire_Robbins118.jpg,269.72,K
Pics 29279/29279_Claire_Robbins119.jpg,276,K
Pics 29279/29279_Claire_Robbins120.jpg,215.68,K
Pics 29279/29279_Claire_Robbins121.jpg,225.32,K
Pics 29279/29279_Claire_Robbins122.jpg,230.78,K
Pics 29279/29279_Claire_Robbins123.jpg,223.72,K
Pics 29279/29279_Claire_Robbins124.jpg,223.2,K
Pics 29279/29279_Claire_Robbins125.jpg,215.42,K
Pics 29279/29279_Claire_Robbins126.jpg,232.58,K
Pics 29279/29279_Claire_Robbins127.jpg,227.23,K
Pics 29279/29279_Claire_Robbins128.jpg,177.92,K
Pics 29279/29279_Claire_Robbins129.jpg,180.62,K
Pics 29279/29279_Claire_Robbins130.jpg,238.41,K
Pics 29279/29279_Claire_Robbins131.jpg,247.35,K
Pics 29279/29279_Claire_Robbins132.jpg,249.26,K
Pics 29279/29279_Claire_Robbins133.jpg,147.95,K
Pics 29279/29279_Claire_Robbins134.jpg,147.31,K
Pics 29279/29279_Claire_Robbins135.jpg,222.12,K
Pics 29279/29279_Claire_Robbins136.jpg,222.91,K
Pics 29279/29279_Claire_Robbins137.jpg,241.07,K
Pics 29279/29279_Claire_Robbins138.jpg,195.76,K
Pics 29279/29279_Claire_Robbins139.jpg,230.95,K
Pics 29279/29279_Claire_Robbins140.jpg,224.16,K
Pics 29279/29279_Claire_Robbins141.jpg,223.72,K
Pics 29279/29279_Claire_Robbins142.jpg,225.64,K
Pics 29279/29279_Claire_Robbins143.jpg,212.76,K
Pics 29279/29279_Claire_Robbins144.jpg,241.61,K
Pics 29279/29279_Claire_Robbins145.jpg,239.92,K
Pics 29279/29279_Claire_Robbins146.jpg,238.33,K
Pics 29279/29279_Claire_Robbins147.jpg,237.24,K
Pics 29279/29279_Claire_Robbins148.jpg,225.79,K
Pics 29279/29279_Claire_Robbins149.jpg,203.78,K
Pics 29279/29279_Claire_Robbins150.jpg,252.15,K
Pics 29279/29279_Claire_Robbins151.jpg,241.13,K
Pics 29279/29279_Claire_Robbins152.jpg,241.75,K
Pics 29279/29279_Claire_Robbins153.jpg,242.13,K
Pics 29279/29279_Claire_Robbins154.jpg,230.85,K
Pics 29279/29279_Claire_Robbins155.jpg,227.5,K
Pics 29279/29279_Claire_Robbins156.jpg,213.92,K
Pics 29279/29279_Claire_Robbins157.jpg,126.31,K
Pics 29279/29279_Claire_Robbins158.jpg,244.89,K
Pics 29279/29279_Claire_Robbins159.jpg,222.33,K
Pics 29279/29279_Claire_Robbins160.jpg,261.75,K
Pics 29279/29279_Claire_Robbins161.jpg,213.09,K
Pics 29279/29279_Claire_Robbins162.jpg,222.3,K
Pics 29279/29279_Claire_Robbins163.jpg,210.53,K
Pics 29279/29279_Claire_Robbins164.jpg,206.62,K
Pics 29279/29279_Claire_Robbins165.jpg,245.55,K
Pics 29279/29279_Claire_Robbins166.jpg,236.72,K
Pics 29279/29279_Claire_Robbins167.jpg,211.44,K
Pics 29279/29279_Claire_Robbins168.jpg,207.8,K
Pics 29279/29279_Claire_Robbins169.jpg,226.21,K
Pics 29279/29279_Claire_Robbins170.jpg,224.13,K
Pics 29279/29279_Claire_Robbins171.jpg,226.5,K
Pics 29279/29279_Claire_Robbins172.jpg,225.54,K
Pics 29279/29279_Claire_Robbins173.jpg,225.04,K
Pics 29279/29279_Claire_Robbins174.jpg,221.11,K
Pics 29279/29279_Claire_Robbins175.jpg,241.06,K
Pics 29279/29279_Claire_Robbins176.jpg,232.31,K
Pics 29279/29279_Claire_Robbins177.jpg,224.8,K
Pics 29279/29279_Claire_Robbins178.jpg,274.63,K
Pics 29279/29279_Claire_Robbins179.jpg,271.4,K
Pics 29279/29279_Claire_Robbins180.jpg,249.86,K
Pics 29279/29279_Claire_Robbins181.jpg,249.2,K
Pics 29279/29279_Claire_Robbins182.jpg,226.96,K
Pics 29279/29279_Claire_Robbins183.jpg,238.75,K
Pics 29279/29279_Claire_Robbins184.jpg,261.79,K
Pics 29279/29279_Claire_Robbins185.jpg,276.38,K
Pics 29279/29279_Claire_Robbins186.jpg,306.02,K
Pics 29279/29279_Claire_Robbins187.jpg,194.61,K
Pics 29279/29279_Claire_Robbins188.jpg,193.15,K
Pics 29279/29279_Claire_Robbins189.jpg,171.15,K
Pics 29279/29279_Claire_Robbins190.jpg,183.14,K
Pics 29279/29279_Claire_Robbins191.jpg,210.63,K
Pics 29279/29279_Claire_Robbins192.jpg,255.34,K
Pics 29279/29279_Claire_Robbins193.jpg,260.57,K
Pics 29279/29279_Claire_Robbins194.jpg,261.68,K
Pics 29279/29279_Claire_Robbins195.jpg,245.19,K
Pics 29279/29279_Claire_Robbins196.jpg,242.33,K
Pics 29279/29279_Claire_Robbins197.jpg,255.49,K
Pics 29279/29279_Claire_Robbins198.jpg,198.19,K
Pics 29279/29279_Claire_Robbins199.jpg,188.94,K
Pics 29279/29279_Claire_Robbins200.jpg,238.38,K
Pics 29279/29279_Claire_Robbins201.jpg,242.81,K
Pics 29279/29279_Claire_Robbins202.jpg,269.22,K
Pics 29279/29279_Claire_Robbins203.jpg,272.86,K
Pics 29279/29279_Claire_Robbins204.jpg,250.97,K
Pics 29279/29279_Claire_Robbins205.jpg,273.16,K
Pics 29279/29279_Claire_Robbins206.jpg,274.31,K
Pics 29279/29279_Claire_Robbins207.jpg,257.76,K
Pics 29279/29279_Claire_Robbins208.jpg,249.62,K
Pics 29279/29279_Claire_Robbins209.jpg,226.78,K
Pics 29279/29279_Claire_Robbins210.jpg,293.56,K
Pics 29279/29279_Claire_Robbins211.jpg,320.96,K
Pics 29279/29279_Claire_Robbins212.jpg,295.95,K
Pics 29279/29279_Claire_Robbins213.jpg,314.31,K
Pics 29279/29279_Claire_Robbins214.jpg,295.53,K
Pics 29279/29279_Claire_Robbins215.jpg,272.83,K
Pics 29279/29279_Claire_Robbins216.jpg,282.94,K
Pics 29279/29279_Claire_Robbins217.jpg,289.85,K
Pics 29279/29279_Claire_Robbins218.jpg,287.49,K
Pics 29279/29279_Claire_Robbins219.jpg,290.34,K
Pics 29279/29279_Claire_Robbins220.jpg,272.41,K
Pics 29279/29279_Claire_Robbins221.jpg,262.42,K
Pics 29279/29279_Claire_Robbins222.jpg,278.51,K
Pics 29279/29279_Claire_Robbins223.jpg,241.89,K
Pics 29279/29279_Claire_Robbins224.jpg,277.86,K
Pics 29279/29279_Claire_Robbins225.jpg,283.46,K
Pics 29279/29279_Claire_Robbins226.jpg,315.16,K
Pics 29279/29279_Claire_Robbins227.jpg,256.41,K
Pics 29279/29279_Claire_Robbins228.jpg,268.85,K
Pics 29279/29279_Claire_Robbins229.jpg,233.31,K
Pics 29279/29279_Claire_Robbins230.jpg,178.49,K
Pics 29279/29279_Claire_Robbins231.jpg,177.62,K
Pics 29279/29279_Claire_Robbins232.jpg,296.41,K
Pics 29279/29279_Claire_Robbins233.jpg,272.31,K
Pics 29279/29279_Claire_Robbins234.jpg,240.62,K
Pics 29279/29279_Claire_Robbins235.jpg,230.06,K
Pics 29279/29279_Claire_Robbins236.jpg,228.9,K
