Title,Type,Files,Size,IMDB,Spoken Languages,Texted Languages,Tags,Quality (+),Quality (-),Uploaded,By,User Type,Seeders,Leechers,Info Hash,Picture,Capture Date
TheLifeErotic.13.02.19.Lizzy.Soft.Orgasm.2.XXX.1080p.MP4-GAGViD,599,4,227.92 MiB (238989512 Bytes),,,,"""Erotic""",,,2013-02-19T20:36:56Z,R0thschild,[V],3,2,83D6F24B0E5E17C06F833E06B9A5E7377317954E,,2013-06-05T16:32:13Z
