Filename,Size,Unit
ltu-vv.nfo,6.57,K
ltu-vv.r00,19.07,M
ltu-vv.r01,19.07,M
ltu-vv.r02,19.07,M
ltu-vv.r03,19.07,M
ltu-vv.r04,19.07,M
ltu-vv.r05,19.07,M
ltu-vv.r06,19.07,M
ltu-vv.r07,19.07,M
ltu-vv.r08,19.07,M
ltu-vv.r09,19.07,M
ltu-vv.r10,19.07,M
ltu-vv.r11,19.07,M
ltu-vv.r12,19.07,M
ltu-vv.r13,19.07,M
ltu-vv.r14,19.07,M
ltu-vv.r15,19.07,M
ltu-vv.r16,19.07,M
ltu-vv.r17,19.07,M
ltu-vv.r18,19.07,M
ltu-vv.r19,19.07,M
ltu-vv.r20,19.07,M
ltu-vv.r21,19.07,M
ltu-vv.r22,19.07,M
ltu-vv.r23,19.07,M
ltu-vv.r24,19.07,M
ltu-vv.r25,19.07,M
ltu-vv.r26,19.07,M
ltu-vv.r27,19.07,M
ltu-vv.r28,19.07,M
ltu-vv.r29,19.07,M
ltu-vv.r30,19.07,M
ltu-vv.r31,19.07,M
ltu-vv.r32,19.07,M
ltu-vv.r33,19.07,M
ltu-vv.r34,19.07,M
ltu-vv.r35,13.2,M
ltu-vv.rar,19.07,M
ltu-vv.sfv,777,B
Read this before playing this Video.txt,247,B
Sample/ltu-vv-sample.avi,7.99,M
Subs/ltu-vv-subs.rar,1.1,M
Subs/ltu-vv-subs.sfv,26,B
Torrent have been downloaded from Scenetime.com.txt,247,B
