Title,Type,Files,Size,IMDB,Spoken Languages,Texted Languages,Tags,Quality (+),Quality (-),Uploaded,By,User Type,Seeders,Leechers,Info Hash,Picture,Capture Date
[EuroTeenErotica] Camila (Stand And Deliver! / 05.16.2013),501,1,368.37 MiB (386258866 Bytes),,,,,,,2013-05-17T02:34:04Z,chkm8te,[V],25,3,579DF537B6DF7DAF348DC6FAD9371C82833834F9,,2013-06-13T22:42:22Z
