Filename,Size,Unit
Sammys Adventures (2010) 2D+3D 1080p Blu-Ray.iso,23.22,G
