Filename,Size,Unit
Fatmagülün Suçu Ne 25.Bölüm Part 2.mp4,181.91,M
Fatmagülün Suçu Ne 25.Bölüm Part 1.mp4,157.08,M
FatmagülünSuçuNe25.BölümPart1.srt,45.9,K
FatmagülünSuçuNe25.BölümPart2.srt,33.02,K
