Title,Type,Files,Size,IMDB,Spoken Languages,Texted Languages,Tags,Quality (+),Quality (-),Uploaded,By,User Type,Seeders,Leechers,Info Hash,Picture,Capture Date
E-BOOK Centrales Electricas II.pdf,601,1,6.03 MiB (6318139 Bytes),,,Spanish,"""fiee"",""e-books"",""electrica"",""trogert""",,,2013-05-06T14:03:10Z,trogert,,3,0,13F4944F49EBEC11B5726BCC13882F6EF8B268F7,,2013-06-12T13:49:55Z
