User Type,Username,Date,Text
,aeroyacine,2013-02-23T11:46Z, Thanks a lot Ashja !!!
