User Type,Username,Date,Text
,herniator,2013-06-06T10:21Z,"Hey BOZX, my favorite uploader, Thanks!

Can you please re-up Big Nothing (2006)
DC8DF85D453DA8D2EE5DD7FD8A306FCC32A92328
Maybe not in RARs so maybe people will seed (for example I don't have HDD space to keep RARs plus vid files in HD, so I end up deleting the RARs, not gonna lie)"
,flashos,2013-06-06T22:50Z,10x master BOZX !
,herniator,2013-06-10T08:21Z,"Never mind, got Big Nothing. Worst piece of shit movie ever.

BTW, thanks upping 21&Over, perfect quality, unfortunately movie absolutely sucked meerkat anus."
