Title,Type,Files,Size,IMDB,Spoken Languages,Texted Languages,Tags,Quality (+),Quality (-),Uploaded,By,User Type,Seeders,Leechers,Info Hash,Picture,Capture Date
Holly Michaels - Private Screening (ShadyPI),506,1,482.89 MiB (506349194 Bytes),,,,"""All Sex"",""Oral""",,,2013-03-16T13:11:19Z,R0thschild,[V],3,2,F5D408DDEA280FC3152A94BC736559871235CAE2,,2013-06-08T10:37:28Z
