Filename,Size,Unit
Telefacts Zomer Pistorius NL VLAAMS DutchTV.mp4,194.97,M
Telefacts Zomer Pistorius NL VLAAMS DutchTV.nfo,2.89,K
