Filename,Size,Unit
[CumFiesta] Vanessa Sixxx (Sexy Sixxx).wmv,369.39,M
