Title,Type,Files,Size,IMDB,Spoken Languages,Texted Languages,Tags,Quality (+),Quality (-),Uploaded,By,User Type,Seeders,Leechers,Info Hash,Picture,Capture Date
Peng v Kanepi - Brussels 2013 Final,205,2,280.71 MiB (294349877 Bytes),,English,,"""sports"",""tennis"",""wta"",""Brussels""",,,2013-05-26T01:29:33Z,Penthesilea,,0,0,0CCEA28912069EA7C58B6752FD9CC83E954252AB,//image.bayimg.com/f48cf0c12312d083411c4efb15a4696c561dfa6b.jpg,2013-06-14T18:58:13Z
