Title,Type,Files,Size,IMDB,Spoken Languages,Texted Languages,Tags,Quality (+),Quality (-),Uploaded,By,User Type,Seeders,Leechers,Info Hash,Picture,Capture Date
Met-Art.13.03.20.Ristina.A.Siebog.XXX.IMAGESET-FuGLi,599,128,291.52 MiB (305677816 Bytes),,,,"""Met"",""Art"",""com"",""Ristina"",""Siebog"",""XXX"",""IMAGESET"",""FuGLi""",,,2013-03-20T08:52:26Z,Drarbg,[V],1,4,986F165F34C2FBC2BED48E2EEA32D0628E31E4F9,,2013-06-08T17:46:05Z
