Filename,Size,Unit
newtrackspack(02.17 - 02.19.2013).zip,121.76,M
