Filename,Size,Unit
iktg_anastasia_morna_1080p_1200.mp4,2.37,G
