Filename,Size,Unit
BSL-Bonus Video-[Sultry-Swag.Blogspot.com]/BSL.Rosee.Divine.-.Down.Like.U.2.x264.mp4,105.36,M
BSL.Alesha.Bell.-.Booty.Shorts.3.x264.mp4,60.04,M
BSL.Alesha.Bell.-.Booty.Shorts.4.x264.mp4,58.66,M
BSL.Alesha.Bell.-.Booty.Shorts.2.x264.mp4,58.4,M
BSL.Alesha.Bell.-.Booty.Shorts.1.x264.mp4,58.06,M
visit-sultry-swag.blogspot.com.txt,148,B
visit-cold-pieces.blogspot.com.txt,127,B
