Filename,Size,Unit
(01) [A State Of Trance] Intro.mp3,2.47,M
(02) [BT] Skylarking.mp3,15.86,M
(03) [Ferry Corsten feat. Betsie Larkin] Stars (Ferry Corsten Fix).mp3,9.44,M
(04) [Omnia] The Light.mp3,4.51,M
(05) [Stoneface & Terminal] Let You Fall.mp3,12.41,M
(06) [Super8 & Tab] Teardrops.mp3,6.48,M
(07) [Armin van Buuren vs. Arty] Nehalennia.mp3,7.33,M
(08) [Timur Shafiev] Glory (EDU Remix).mp3,7.32,M
(09) [Myon & Shane 54 feat. Aruna] Lights.mp3,11.24,M
(10) [Jerome Isma-Ae & Max Freegant] Thrill Me.mp3,6.11,M
(11) [Armin van Buuren & W&W] D# Fat.mp3,9.37,M
(12) [Dash Berlin feat. Chris Madin] Fool For Life (Tomas Heredia Mix).mp3,13.88,M
(13) [Alexander Popov] Lost Languag.mp3,7.22,M
(14) [Beat Service] Aurora.mp3,8.34,M
(15) [Kyau & Albert vs. Paul van Dyk] Open My Eyes (Kyau & Albert Remix).mp3,7.77,M
(16) [Kyau & Albert] What Will Go.mp3,5.28,M
(17) [M.I.K.E.] Canvas.mp3,10.25,M
(18) [M.I.K.E. vs. Aerofoil] No Escape.mp3,6.9,M
(19) [Alex M.O.R.P.H.] New York City [Tune of the Week].mp3,7.71,M
(20) [Estiva & Cardinal feat. Arielle Maren] Wait Forever (Daniel Kandi Remix).mp3,13.12,M
(21) [AYDA] Caesar.mp3,9.58,M
(22) [Alexandre Bergheau] Damavand.mp3,12.85,M
(23) [Reverse] Empty Promises.mp3,10.32,M
(24) [Freelancer & Perfect Vision] Eternity.mp3,11.31,M
(25) [Ana Criado with Adrian & Raz] Dancing Sea (Philippe El Sisi Remix).mp3,10.89,M
(26) [Armin van Buuren & Markus Schulz] The Expedition (ASOT 600 Anthem) (Indecent Noise Remix).mp3,8.77,M
(27) [Jamie Drummond] Orphan (Will Atkinson Remix).mp3,11.15,M
(28) [Planet Perfecto & Adam Ellis vs. Bryan Kearney] Bullet In The Nettle (Ben Nicky Mashup).mp3,11.33,M
(29) [Martin Roth & Alex Bartlett] Off The World (Super8 & Tab Remix) [ASOT Radio Classic].mp3,15.2,M
(30) [A State Of Trance] Outro.mp3,1.22,M
[Armin van Buuren] A State of Trance 601 (2013-02-21).cue,10.57,K
[Armin van Buuren] A State of Trance 601 (2013-02-21).m3u,1.54,K
[Armin van Buuren] A State of Trance 601 (2013-02-21).m3u8,1.55,K
