Title,Type,Files,Size,IMDB,Spoken Languages,Texted Languages,Tags,Quality (+),Quality (-),Uploaded,By,User Type,Seeders,Leechers,Info Hash,Picture,Capture Date
The Mistress Mistake by Lynda Chance [MU],601,14,1.3 MiB (1365936 Bytes),,,English,,,,2013-04-12T09:08:55Z,Max-Upload,[T],11,2,38884CCDFF8D88E8C02559B5B31A45F073B43B73,//image.bayimg.com/9734a63090e3bc76fc868f8b81b0e1e27c6c2259.jpg,2013-06-10T06:56:34Z
