Filename,Size,Unit
Golden State Warriors @ Phoenix Suns.mkv,2.09,G
