Filename,Size,Unit
PureMature - Loving Breakfast - Lisa Ann.mp4,183.29,M
