Title,Type,Files,Size,IMDB,Spoken Languages,Texted Languages,Tags,Quality (+),Quality (-),Uploaded,By,User Type,Seeders,Leechers,Info Hash,Picture,Capture Date
Match.Of.The.Day.Two.2013.04.14.720p.HDTV.x264-FTP,208,5,1.51 GiB (1625172230 Bytes),,,,,,,2013-04-15T02:39:38Z,TvTeam,[V],10,0,EC844BE9D16169D4B24FC62390758DFB194689DA,,2013-06-10T10:38:38Z
