Filename,Size,Unit
mlib_veronica_avluv_vl111612_480p_2000.mp4,775.73,M
