Filename,Size,Unit
Gabriella.Fox.Sexy.Hot.2008.720p.XXX.BluRay.x264-CtrlHD/Gabriella.Fox.Sexy.Hot.2008.720p.XXX.BluRay.x264-CtrlHD.mkv,4.37,G
Torrent downloaded from BTUnhide.com.txt,21,B
