Filename,Size,Unit
20130213_188_ott_pit.mkv,114.31,M
20130213_189_stl_det.mkv,124.69,M
20130213_190_dal_cgy.mkv,118.7,M
