Filename,Size,Unit
Chelsea.Lately.2013.05.21.Tyrese.Gibson.480p.HDTV.x264-mSD.mkv,101.49,M
Chelsea.Lately.2013.05.21.Tyrese.Gibson.480p.HDTV.x264-mSD.nfo,1.14,K
First Read This Guide.txt,382,B
www.Torrenting.com.txt,382,B
