Title,Type,Files,Size,IMDB,Spoken Languages,Texted Languages,Tags,Quality (+),Quality (-),Uploaded,By,User Type,Seeders,Leechers,Info Hash,Picture,Capture Date
Rocco Animal Trainer 26.2009.XXx,501,2,1.37 GiB (1466359808 Bytes),,English,,,,,2013-03-19T12:13:57Z,handsome_hulk1253,,3,2,1447752CEBD21F56135B3406CA255CB4FA97879C,,2013-06-08T16:40:09Z
