Filename,Size,Unit
1/The Amazing Spiderman 2_1024x768.jpg,523.68,K
1/The Amazing Spiderman 2_1280x1024.jpg,740.95,K
1/The Amazing Spiderman 2_1280x800.jpg,639.61,K
1/The Amazing Spiderman 2_1360x768.jpg,609.01,K
1/The Amazing Spiderman 2_1366x768.jpg,607.86,K
1/The Amazing Spiderman 2_1440x900.jpg,714.8,K
1/The Amazing Spiderman 2_1600x900.jpg,765.46,K
1/The Amazing Spiderman 2_1680x1050.jpg,890.21,K
1/The Amazing Spiderman 2_1920x1080.jpg,990.22,K
1/The Amazing Spiderman 2_768x1024.jpg,452.48,K
2/The Amazing Spiderman 2_1024x768.jpg,208.95,K
2/The Amazing Spiderman 2_1280x1024.jpg,288.21,K
2/The Amazing Spiderman 2_1280x800.jpg,253.86,K
2/The Amazing Spiderman 2_1360x768.jpg,252.14,K
2/The Amazing Spiderman 2_1366x768.jpg,252.31,K
2/The Amazing Spiderman 2_1440x900.jpg,302.81,K
2/The Amazing Spiderman 2_1600x900.jpg,310.08,K
2/The Amazing Spiderman 2_1680x1050.jpg,369.68,K
2/The Amazing Spiderman 2_1920x1080.jpg,403.65,K
2/The Amazing Spiderman 2_768x1024.jpg,179.06,K
3/The Amazing Spiderman 2_1024x768.jpg,51.99,K
3/The Amazing Spiderman 2_1280x1024.jpg,70.92,K
3/The Amazing Spiderman 2_1280x800.jpg,58.48,K
3/The Amazing Spiderman 2_1360x768.jpg,56.51,K
3/The Amazing Spiderman 2_1366x768.jpg,56.63,K
3/The Amazing Spiderman 2_1440x900.jpg,68.74,K
3/The Amazing Spiderman 2_1600x900.jpg,69.97,K
3/The Amazing Spiderman 2_1680x1050.jpg,79.32,K
3/The Amazing Spiderman 2_1920x1080.jpg,88.01,K
3/The Amazing Spiderman 2_768x1024.jpg,36.51,K
4/The Amazing Spiderman 2_1024x768.jpg,186.51,K
4/The Amazing Spiderman 2_1280x1024.jpg,292.73,K
4/The Amazing Spiderman 2_1280x800.jpg,269.83,K
4/The Amazing Spiderman 2_1360x768.jpg,272.17,K
4/The Amazing Spiderman 2_1366x768.jpg,272.51,K
4/The Amazing Spiderman 2_1440x900.jpg,319.02,K
4/The Amazing Spiderman 2_1600x900.jpg,340.13,K
4/The Amazing Spiderman 2_1680x1050.jpg,393.09,K
4/The Amazing Spiderman 2_1920x1080.jpg,435.92,K
4/The Amazing Spiderman 2_768x1024.jpg,172.38,K
5/The Amazing Spiderman 2_1024x768.jpg,209.34,K
5/The Amazing Spiderman 2_1280x1024.jpg,336.3,K
5/The Amazing Spiderman 2_1280x800.jpg,225.35,K
5/The Amazing Spiderman 2_1360x768.jpg,213.23,K
5/The Amazing Spiderman 2_1366x768.jpg,212.56,K
5/The Amazing Spiderman 2_1440x900.jpg,277.74,K
5/The Amazing Spiderman 2_1600x900.jpg,279.13,K
5/The Amazing Spiderman 2_1680x1050.jpg,358.8,K
5/The Amazing Spiderman 2_1920x1080.jpg,379.23,K
5/The Amazing Spiderman 2_768x1024.jpg,327.27,K
facebook timeline covers/54072_the_amazing_spiderman_2_facebook_timeline_covers_1_122_391lo.jpg,26.52,K
facebook timeline covers/54072_the_amazing_spiderman_2_facebook_timeline_covers_2_122_449lo.jpg,31.2,K
facebook timeline covers/54074_the_amazing_spiderman_2_facebook_timeline_covers_4_122_365lo.jpg,12.8,K
facebook timeline covers/54075_the_amazing_spiderman_2_facebook_timeline_covers_3_122_51lo.jpg,18.22,K
facebook timeline covers/54077_the_amazing_spiderman_2_facebook_timeline_covers_5_122_3lo.jpg,36.56,K
facebook timeline covers/54078_the_amazing_spiderman_2_facebook_timeline_covers_6_122_461lo.jpg,50.63,K
