Title,Type,Files,Size,IMDB,Spoken Languages,Texted Languages,Tags,Quality (+),Quality (-),Uploaded,By,User Type,Seeders,Leechers,Info Hash,Picture,Capture Date
Sorority Secrets 3 [DVDRip],501,2,1.36 GiB (1456699392 Bytes),,,,,,,2013-02-13T00:23:44Z,chkm8te,[V],2,1,D12B807A8D7B1CD61AB53986698CBB39982D9FBC,,2013-06-05T07:39:48Z
