Filename,Size,Unit
First Read This Guide.txt,779,B
our.queen.720p.hdtv.x264-knifesharp.mkv,1.95,G
our.queen.720p.hdtv.x264-knifesharp.nfo,11.14,K
Sample/sample-our.queen.720p.hdtv.x264-knifesharp.mkv,18.75,M
www.Torrentday.com.txt,779,B
