Title,Type,Files,Size,IMDB,Spoken Languages,Texted Languages,Tags,Quality (+),Quality (-),Uploaded,By,User Type,Seeders,Leechers,Info Hash,Picture,Capture Date
"YoungSexParties - Daisy, Karin [720p].mp4",506,1,341.19 MiB (357764300 Bytes),,,,"""2013"",""Group Sex"",""Hardcore"",""Amateur Girls"",""Teens"",""Outdoors"",""XXX"",""Adult""",,,2013-05-22T21:19:09Z,C3Porno,[V],13,2,2DF7A10362A3C0D200171075EC3735B0F6677263,//image.bayimg.com/082bb0e07312c3d084d892472923dac5cd93a6f0.jpg,2013-06-14T09:45:30Z
