Title,Type,Files,Size,IMDB,Spoken Languages,Texted Languages,Tags,Quality (+),Quality (-),Uploaded,By,User Type,Seeders,Leechers,Info Hash,Picture,Capture Date
Zionist Pic Pack 24,603,92,15.69 MiB (16449538 Bytes),,,,"""TalmudTimmy"",""Zionism"",""Illuminati Agents"",""Al Goldstein"",""Pornography"",""Christianity"",""Jesus Christ"",""infowars"",""Mark Dice"",""Alex Jones"",""Texe Marrs""",,,2013-05-17T05:00:26Z,TalmudTimmy,[T],3,0,25B3C2BDCE6179027210521DDE20097AEE31F486,//image.bayimg.com/c8c123a8cc6bae8efdf39cc7fdc798c227803855.jpg,2013-06-13T23:03:11Z
