Filename,Size,Unit
Legado v2 - Prisionero del Mundo Flotante #2 - Droid Factory.cbr,20.05,M
