Filename,Size,Unit
Big.Tits.at.School.Jenna.Doll.Skipping.detention.XXX.pornalized.com.wmv,273.5,M
