Filename,Size,Unit
Ben 10 Omniverse S01E20 Special Delivery 720p WEB-DL.x264 80mb CowBoy.mkv,85.53,M
