Filename,Size,Unit
Terroristas (SubVerso).mp3,4.4,M
