Filename,Size,Unit
MLB.2013.NL.RS.2013.05.05.Nationals@Pirates.720p.G3.mkv,3.32,G
