Filename,Size,Unit
Sweet Selina.avi,86.53,M
