Filename,Size,Unit
MetArt_Popolare_Jennifer-Mackay_high_0001.jpg,1.54,M
MetArt_Popolare_Jennifer-Mackay_high_0089.jpg,1.38,M
MetArt_Popolare_Jennifer-Mackay_high_0044.jpg,1.37,M
MetArt_Popolare_Jennifer-Mackay_high_0116.jpg,1.22,M
MetArt_Popolare_Jennifer-Mackay_high_0118.jpg,1.2,M
MetArt_Popolare_Jennifer-Mackay_high_0120.jpg,1.19,M
MetArt_Popolare_Jennifer-Mackay_high_0007.jpg,1.19,M
MetArt_Popolare_Jennifer-Mackay_high_0006.jpg,1.19,M
MetArt_Popolare_Jennifer-Mackay_high_0052.jpg,1.18,M
MetArt_Popolare_Jennifer-Mackay_high_0081.jpg,1.17,M
MetArt_Popolare_Jennifer-Mackay_high_0096.jpg,1.17,M
MetArt_Popolare_Jennifer-Mackay_high_0113.jpg,1.16,M
MetArt_Popolare_Jennifer-Mackay_high_0005.jpg,1.15,M
MetArt_Popolare_Jennifer-Mackay_high_0102.jpg,1.15,M
MetArt_Popolare_Jennifer-Mackay_high_0047.jpg,1.14,M
MetArt_Popolare_Jennifer-Mackay_high_0046.jpg,1.11,M
MetArt_Popolare_Jennifer-Mackay_high_0074.jpg,1.11,M
MetArt_Popolare_Jennifer-Mackay_high_0082.jpg,1.11,M
MetArt_Popolare_Jennifer-Mackay_high_0069.jpg,1.1,M
MetArt_Popolare_Jennifer-Mackay_high_0043.jpg,1.1,M
MetArt_Popolare_Jennifer-Mackay_high_0009.jpg,1.09,M
MetArt_Popolare_Jennifer-Mackay_high_0011.jpg,1.08,M
MetArt_Popolare_Jennifer-Mackay_high_0004.jpg,1.08,M
MetArt_Popolare_Jennifer-Mackay_high_0068.jpg,1.07,M
MetArt_Popolare_Jennifer-Mackay_high_0112.jpg,1.07,M
MetArt_Popolare_Jennifer-Mackay_high_0023.jpg,1.07,M
MetArt_Popolare_Jennifer-Mackay_high_0014.jpg,1.06,M
MetArt_Popolare_Jennifer-Mackay_high_0065.jpg,1.06,M
MetArt_Popolare_Jennifer-Mackay_high_0103.jpg,1.06,M
MetArt_Popolare_Jennifer-Mackay_high_0048.jpg,1.06,M
MetArt_Popolare_Jennifer-Mackay_high_0079.jpg,1.05,M
MetArt_Popolare_Jennifer-Mackay_high_0020.jpg,1.05,M
MetArt_Popolare_Jennifer-Mackay_high_0002.jpg,1.05,M
MetArt_Popolare_Jennifer-Mackay_high_0061.jpg,1.05,M
MetArt_Popolare_Jennifer-Mackay_high_0084.jpg,1.05,M
MetArt_Popolare_Jennifer-Mackay_high_0059.jpg,1.04,M
MetArt_Popolare_Jennifer-Mackay_high_0083.jpg,1.04,M
MetArt_Popolare_Jennifer-Mackay_high_0107.jpg,1.03,M
MetArt_Popolare_Jennifer-Mackay_high_0117.jpg,1.03,M
MetArt_Popolare_Jennifer-Mackay_high_0054.jpg,1.03,M
MetArt_Popolare_Jennifer-Mackay_high_0008.jpg,1.02,M
MetArt_Popolare_Jennifer-Mackay_high_0078.jpg,1.02,M
MetArt_Popolare_Jennifer-Mackay_high_0010.jpg,1.01,M
MetArt_Popolare_Jennifer-Mackay_high_0091.jpg,1,M
MetArt_Popolare_Jennifer-Mackay_high_0021.jpg,1,M
MetArt_Popolare_Jennifer-Mackay_high_0030.jpg,1020.13,K
MetArt_Popolare_Jennifer-Mackay_high_0060.jpg,1017.54,K
MetArt_Popolare_Jennifer-Mackay_high_0053.jpg,1014.08,K
MetArt_Popolare_Jennifer-Mackay_high_0031.jpg,1011.37,K
MetArt_Popolare_Jennifer-Mackay_high_0003.jpg,1006.58,K
MetArt_Popolare_Jennifer-Mackay_high_0024.jpg,1005.67,K
MetArt_Popolare_Jennifer-Mackay_high_0072.jpg,997.8,K
MetArt_Popolare_Jennifer-Mackay_high_0042.jpg,995.05,K
MetArt_Popolare_Jennifer-Mackay_high_0051.jpg,991.47,K
MetArt_Popolare_Jennifer-Mackay_high_0017.jpg,984.16,K
MetArt_Popolare_Jennifer-Mackay_high_0099.jpg,982.69,K
MetArt_Popolare_Jennifer-Mackay_high_0013.jpg,980.6,K
MetArt_Popolare_Jennifer-Mackay_high_0012.jpg,979.45,K
MetArt_Popolare_Jennifer-Mackay_high_0049.jpg,976.46,K
MetArt_Popolare_Jennifer-Mackay_high_0037.jpg,974.88,K
MetArt_Popolare_Jennifer-Mackay_high_0064.jpg,966.66,K
MetArt_Popolare_Jennifer-Mackay_high_0106.jpg,964.05,K
MetArt_Popolare_Jennifer-Mackay_high_0045.jpg,962.51,K
MetArt_Popolare_Jennifer-Mackay_high_0100.jpg,953.6,K
MetArt_Popolare_Jennifer-Mackay_high_0098.jpg,948.56,K
MetArt_Popolare_Jennifer-Mackay_high_0093.jpg,945.1,K
MetArt_Popolare_Jennifer-Mackay_high_0018.jpg,941.72,K
MetArt_Popolare_Jennifer-Mackay_high_0058.jpg,937.83,K
MetArt_Popolare_Jennifer-Mackay_high_0062.jpg,930.12,K
MetArt_Popolare_Jennifer-Mackay_high_0108.jpg,923.55,K
MetArt_Popolare_Jennifer-Mackay_high_0035.jpg,922.97,K
MetArt_Popolare_Jennifer-Mackay_high_0075.jpg,911.65,K
MetArt_Popolare_Jennifer-Mackay_high_0034.jpg,908.32,K
MetArt_Popolare_Jennifer-Mackay_high_0063.jpg,905.81,K
MetArt_Popolare_Jennifer-Mackay_high_0027.jpg,904.05,K
MetArt_Popolare_Jennifer-Mackay_high_0016.jpg,902.5,K
MetArt_Popolare_Jennifer-Mackay_high_0115.jpg,896.37,K
MetArt_Popolare_Jennifer-Mackay_high_0097.jpg,887.13,K
MetArt_Popolare_Jennifer-Mackay_high_0094.jpg,881.93,K
MetArt_Popolare_Jennifer-Mackay_high_0085.jpg,874.2,K
MetArt_Popolare_Jennifer-Mackay_high_0050.jpg,872.43,K
MetArt_Popolare_Jennifer-Mackay_high_0015.jpg,871.73,K
MetArt_Popolare_Jennifer-Mackay_high_0067.jpg,870.45,K
MetArt_Popolare_Jennifer-Mackay_high_0033.jpg,847.52,K
MetArt_Popolare_Jennifer-Mackay_high_0066.jpg,843.27,K
MetArt_Popolare_Jennifer-Mackay_high_0080.jpg,839.83,K
MetArt_Popolare_Jennifer-Mackay_high_0029.jpg,838.65,K
MetArt_Popolare_Jennifer-Mackay_high_0092.jpg,825.73,K
MetArt_Popolare_Jennifer-Mackay_high_0090.jpg,823.89,K
MetArt_Popolare_Jennifer-Mackay_high_0036.jpg,819.8,K
MetArt_Popolare_Jennifer-Mackay_high_0114.jpg,812.66,K
MetArt_Popolare_Jennifer-Mackay_high_0104.jpg,808.22,K
MetArt_Popolare_Jennifer-Mackay_high_0073.jpg,805.53,K
MetArt_Popolare_Jennifer-Mackay_high_0087.jpg,805.05,K
MetArt_Popolare_Jennifer-Mackay_high_0022.jpg,799.58,K
MetArt_Popolare_Jennifer-Mackay_high_0101.jpg,794.41,K
MetArt_Popolare_Jennifer-Mackay_high_0041.jpg,787.54,K
MetArt_Popolare_Jennifer-Mackay_high_0026.jpg,776.32,K
MetArt_Popolare_Jennifer-Mackay_high_0019.jpg,776,K
MetArt_Popolare_Jennifer-Mackay_high_0095.jpg,767.86,K
MetArt_Popolare_Jennifer-Mackay_high_0119.jpg,765.53,K
MetArt_Popolare_Jennifer-Mackay_high_0109.jpg,762.43,K
MetArt_Popolare_Jennifer-Mackay_high_0071.jpg,736,K
MetArt_Popolare_Jennifer-Mackay_high_0076.jpg,729.96,K
MetArt_Popolare_Jennifer-Mackay_high_0105.jpg,726.92,K
MetArt_Popolare_Jennifer-Mackay_high_0086.jpg,720.21,K
MetArt_Popolare_Jennifer-Mackay_high_0055.jpg,708.98,K
MetArt_Popolare_Jennifer-Mackay_high_0028.jpg,705.73,K
MetArt_Popolare_Jennifer-Mackay_high_0111.jpg,701.88,K
MetArt_Popolare_Jennifer-Mackay_high_0077.jpg,695.43,K
MetArt_Popolare_Jennifer-Mackay_high_0039.jpg,693.32,K
MetArt_Popolare_Jennifer-Mackay_high_0110.jpg,681.69,K
MetArt_Popolare_Jennifer-Mackay_high_0088.jpg,675.58,K
MetArt_Popolare_Jennifer-Mackay_high_0032.jpg,675.09,K
MetArt_Popolare_Jennifer-Mackay_high_0056.jpg,643.71,K
MetArt_Popolare_Jennifer-Mackay_high_0057.jpg,640.87,K
MetArt_Popolare_Jennifer-Mackay_high_0025.jpg,636.69,K
MetArt_Popolare_Jennifer-Mackay_high_0040.jpg,633.08,K
MetArt_Popolare_Jennifer-Mackay_high_0038.jpg,585.54,K
MetArt_Popolare_Jennifer-Mackay_high_0070.jpg,565.99,K
_MetArt-Popolare-cover.jpg,140.27,K
MetArt-Popolare-cover-clean.jpg,122.96,K
model-bio_Jennifer-Mackay.txt,461,B
