Title,Type,Files,Size,IMDB,Spoken Languages,Texted Languages,Tags,Quality (+),Quality (-),Uploaded,By,User Type,Seeders,Leechers,Info Hash,Picture,Capture Date
Slut Worthy - Cindy Hope,506,1,318.46 MiB (333928498 Bytes),,,,"""Hardcore"",""Cindy""",,,2013-05-11T00:34:53Z,irealu69,[V],6,3,D81241CF9B33A19A1D7D71C5897DB4C4AEBB123F,//image.bayimg.com/b0c981f196d428e0266380fd39f0dc3f91c7287d.jpg,2013-06-13T03:53:27Z
