Filename,Size,Unit
Modern.Family.S04E16.720p.HDTV.X264-DIMENSION_new.mkv,199.79,M
