Filename,Size,Unit
The.Simpsons.S24E16.720p.HDTV.X264-DIMENSION.mkv,340.09,M
the.simpsons.2416.720p-dimension.nfo,335,B
