User Type,Username,Date,Text
[T],crwildman,2013-01-17T04:26Z,No one going to upload these anymore?
