Filename,Size,Unit
iWork '09 - Retail DMG.rtf,1.83,K
