Filename,Size,Unit
OpenLinux 1.3 CD2 6.iso,412.65,M
