Filename,Size,Unit
RARBG.com.txt,34,B
dh030_lillycarter8.wmv,240.27,M
gagvid.nfo,294,B
