Filename,Size,Unit
Read this before playing this Video.txt,247,B
The.Game.1997.DVDRip.XviD-Ki13rClWn.avi,1.14,G
thegame-ki13rclwn.nfo,1.5,K
Torrent have been downloaded from Scenetime.com.txt,247,B
