Title,Type,Files,Size,IMDB,Spoken Languages,Texted Languages,Tags,Quality (+),Quality (-),Uploaded,By,User Type,Seeders,Leechers,Info Hash,Picture,Capture Date
[BigTitsBoss] Ashton Pierce {Job Well Done}.mp4,501,1,217.46 MiB (228022985 Bytes),,English,,,,,2013-03-19T01:55:16Z,Xx.No1.xX,[V],0,2,4DE9684B69DD077375CBDEDF6AB935AE76504157,,2013-06-08T16:16:09Z
