Title,Type,Files,Size,IMDB,Spoken Languages,Texted Languages,Tags,Quality (+),Quality (-),Uploaded,By,User Type,Seeders,Leechers,Info Hash,Picture,Capture Date
The Lost Trailers,101,13,36.08 MiB (37831059 Bytes),,,,"""the lost"",""lost"",""trailers"",""holler"",""back""",,,2013-04-26T01:36:04Z,elPG,,0,2,5560F86D2C4E49B444C68C2886F3C1839CA2957C,//image.bayimg.com/f47fa9c0d57f0625aa8deca9db60a6742ccb32d4.jpg,2013-06-11T09:58:46Z
