Filename,Size,Unit
Film/American Horror Story S02E11 720P HDTV X264 NLtoppers.mkv,1.13,G
AUB even lezen..txt,341,B
Het NLtoppers Team..pdf,342.77,K
Scriptreseller-Chickie.eu.pdf,52.71,K
