Title,Type,Files,Size,IMDB,Spoken Languages,Texted Languages,Tags,Quality (+),Quality (-),Uploaded,By,User Type,Seeders,Leechers,Info Hash,Picture,Capture Date
Geiles Moeschen Stosszeit im Fernverkehr (2013) XXX DVDRip,501,5,817.39 MiB (857099184 Bytes),,,,"""All Sex"",""Oral"",""Porn"",""Adult"",""Sex"",""Video"",""Rothschild"",""Studio"",""Download"",""Free"",""Adult"",""Pirate""",,,2013-04-30T19:07:39Z,R0thschild,[V],1,0,C0FAB8FFFF3EDADBB766497FBD0050B2E0812FA4,,2013-06-11T18:45:19Z
