Filename,Size,Unit
01 - Tum Hi Ho.mp3,6.26,M
02 - Sunn Raha Hai.mp3,9.18,M
03 - Chahun Main Ya Naa.mp3,5.78,M
04 - Hum Mar Jayenge.mp3,7.33,M
05 - Meri Aashiqui.mp3,5.25,M
06 - Piya Aaye Na.mp3,6.34,M
07 - Bhula Dena.mp3,6.83,M
08 - Aasan Nahin Yahan.mp3,7.31,M
09 - Sunn Raha Hai.mp3,7.45,M
10 - Milne Hai Mujhse Aayi.mp3,7.11,M
Cover.jpg,261.69,K
Playlist.m3u,1.63,K
Playlist.plc,4.71,K
Playlist.pls,1.8,K
Torrent downloaded from SilverTorrent.org.txt,42,B
Torrent seeded from Secureboxes.net.txt,32,B
